t,x,y,
0.000,-71.01,238.0
0.020,-71.13,238.0
0.040,-71.33,238.1
0.060,-71.30,238.1
0.080,-71.30,238.0
0.100,-71.32,237.8
0.120,-71.30,237.8
0.140,-71.31,238.1
0.160,-71.33,237.9
0.180,-71.36,237.9
0.200,-71.37,238.0
0.220,-71.30,238.1
0.240,-71.36,238.0
0.260,-71.32,237.9
0.280,-71.42,237.7
0.300,-71.35,237.8
0.320,-71.30,237.9
0.340,-71.32,237.9
0.360,-71.34,237.8
0.380,-71.35,237.9
0.400,-71.37,237.8
0.420,-71.35,237.9
0.440,-71.81,238.2
0.460,-72.07,237.9
0.480,-72.11,238.0
0.500,-72.13,238.0
0.520,-72.17,237.9
0.540,-72.20,237.9
0.560,-72.36,238.0
0.580,-72.35,237.9
0.600,-72.40,237.7
0.620,-72.29,237.8
0.640,-72.33,237.8
0.660,-72.35,237.8
0.680,-72.30,237.9
0.700,-72.21,238.1
0.720,-72.20,238.0
0.740,-72.16,238.1
0.760,-72.03,238.0
0.780,-71.93,238.0
0.800,-71.94,238.2
0.820,-72.00,238.1
0.840,-71.94,238.0
0.860,-71.98,237.9
0.880,-71.92,238.1
0.900,-72.19,238.1
0.920,-72.33,237.8
0.940,-72.21,237.9
0.960,-72.17,237.8
0.980,-73.40,237.6
1.000,-80.16,235.6
1.020,-92.47,229.7
1.040,-111.2,220.7
1.060,-134.4,206.8
1.080,-161.3,186.1
1.100,-188.0,159.2
1.120,-211.3,125.9
1.140,-227.7,90.08
1.160,-238.1,52.95
1.180,-241.7,21.21
1.200,-242.4,-5.597
1.220,-240.4,-25.27
1.240,-238.3,-36.28
1.260,-237.3,-41.09
1.280,-237.3,-39.93
1.300,-238.8,-32.17
1.320,-241.2,-17.55
1.340,-242.3,3.291
1.360,-240.9,30.11
1.380,-236.3,62.38
1.400,-226.0,96.85
1.420,-208.0,130.6
1.440,-185.7,161.3
1.460,-160.7,187.2
1.480,-136.0,206.6
1.500,-115.1,221.0
1.520,-97.30,228.6
1.540,-86.17,233.1
1.560,-81.50,234.7
1.580,-83.39,233.8
1.600,-92.11,231.3
1.620,-106.8,224.5
1.640,-127.5,212.6
1.660,-151.2,195.2
1.680,-176.7,171.3
1.700,-200.7,141.3
1.720,-220.8,107.3
1.740,-233.5,72.38
1.760,-240.6,38.49
1.780,-244.6,10.68
1.800,-244.4,-10.90
1.820,-242.8,-25.64
1.840,-241.7,-33.34
1.860,-241.8,-33.36
1.880,-242.8,-26.90
1.900,-244.0,-14.01
1.920,-244.3,6.036
1.940,-242.2,32.37
1.960,-237.5,62.69
1.980,-226.4,95.37
2.000,-210.6,129.0
2.020,-189.1,157.9
2.040,-165.2,183.0
2.060,-142.0,204.0
2.080,-120.8,217.2
2.100,-103.6,225.7
2.120,-92.76,231.0
2.140,-88.53,233.4
2.160,-90.62,232.2
2.180,-99.30,228.0
2.200,-114.5,220.0
2.220,-135.0,208.0
2.240,-158.0,190.1
2.260,-182.2,165.5
2.280,-204.4,135.5
2.300,-222.0,102.3
2.320,-234.0,68.95
2.340,-240.3,37.72
2.360,-242.4,11.29
2.380,-242.3,-8.383
2.400,-242.4,-20.66
2.420,-242.2,-26.61
2.440,-240.7,-24.28
2.460,-242.0,-15.55
2.480,-242.3,-0.621
2.500,-242.4,21.16
2.520,-238.0,48.45
2.540,-232.0,79.82
2.560,-218.6,111.8
2.580,-200.0,142.5
2.600,-178.6,168.3
2.620,-155.8,191.1
2.640,-135.0,207.7
2.660,-116.6,219.6
2.680,-103.1,227.0
2.700,-95.24,230.3
2.720,-94.53,230.3
2.740,-100.4,227.6
2.760,-113.3,220.9
2.780,-129.7,209.5
2.800,-153.1,194.6
2.820,-175.9,173.3
2.840,-198.3,145.7
2.860,-217.4,115.3
2.880,-230.6,82.42
2.900,-238.8,51.34
2.920,-243.3,23.98
2.940,-244.6,2.540
2.960,-244.3,-11.10
2.980,-243.8,-18.95
3.000,-243.9,-19.04
3.020,-243.8,-11.27
3.040,-243.9,3.392
3.060,-244.3,22.99
3.080,-239.3,48.93
3.100,-232.3,78.29
3.120,-220.4,108.8
3.140,-202.5,138.4
3.160,-182.9,164.8
3.180,-160.2,187.0
3.200,-139.1,204.4
3.220,-122.2,215.7
3.240,-108.5,223.1
3.260,-101.3,226.7
3.280,-100.4,227.0
3.300,-105.4,223.8
3.320,-117.4,217.1
3.340,-134.1,207.0
3.360,-155.4,191.0
3.380,-176.8,170.1
3.400,-199.4,143.8
3.420,-217.3,115.2
3.440,-230.0,83.48
3.460,-237.5,53.90
3.480,-242.7,28.27
3.500,-243.9,8.073
3.520,-244.8,-5.888
3.540,-244.4,-12.61
3.560,-243.9,-11.72
3.580,-244.1,-3.878
3.600,-244.2,10.39
3.620,-242.3,30.48
3.640,-237.7,56.27
3.660,-230.0,84.99
3.680,-217.8,114.0
3.700,-200.1,142.6
3.720,-179.5,167.5
3.740,-159.5,188.5
3.760,-139.7,204.1
3.780,-124.3,214.6
3.800,-112.1,221.8
3.820,-106.5,224.6
3.840,-106.4,224.1
3.860,-114.0,220.8
3.880,-126.1,213.5
3.900,-143.2,201.4
3.920,-163.5,184.7
3.940,-184.6,163.2
3.960,-205.1,135.7
3.980,-220.5,107.3
4.000,-231.8,77.44
4.020,-239.0,50.23
4.040,-242.8,26.58
4.060,-244.3,9.121
4.080,-244.3,-2.183
4.100,-244.9,-6.634
4.120,-244.8,-3.766
4.140,-243.8,5.962
4.160,-242.8,22.08
4.180,-240.3,43.07
4.200,-234.8,68.72
4.220,-225.1,96.47
4.240,-211.4,124.6
4.260,-194.3,150.6
4.280,-173.9,172.8
4.300,-155.1,192.6
4.320,-137.3,206.5
4.340,-123.8,215.2
4.360,-114.4,219.8
4.380,-110.9,222.0
4.400,-113.4,220.0
4.420,-122.4,215.0
4.440,-136.3,206.1
4.460,-155.0,192.0
4.480,-174.6,174.2
4.500,-194.3,150.4
4.520,-212.1,125.1
4.540,-225.6,96.43
4.560,-234.8,68.23
4.580,-240.5,43.00
4.600,-244.1,22.91
4.620,-245.0,8.297
4.640,-244.6,0.611
4.660,-245.1,-8.771e-2
4.680,-245.4,5.365
4.700,-244.4,18.22
4.720,-241.8,36.44
4.740,-238.1,59.04
4.760,-230.3,84.31
4.780,-218.5,111.3
4.800,-203.5,137.3
4.820,-185.3,161.2
4.840,-166.7,181.2
4.860,-149.8,197.2
4.880,-134.0,209.4
4.900,-123.4,215.7
4.920,-117.6,219.3
4.940,-117.7,219.3
4.960,-123.6,216.6
4.980,-133.4,208.9
5.000,-150.2,197.1
5.020,-167.1,182.1
5.040,-186.7,161.5
5.060,-204.6,137.0
5.080,-219.8,109.5
5.100,-230.2,82.46
5.120,-237.2,57.00
5.140,-241.3,35.91
5.160,-244.2,19.83
5.180,-244.6,9.089
5.200,-244.8,5.582
5.220,-244.6,8.300
5.240,-243.2,18.13
5.260,-242.0,32.99
5.280,-238.3,53.42
5.300,-232.9,76.96
5.320,-223.5,102.0
5.340,-209.5,127.6
5.360,-192.8,151.4
5.380,-174.9,172.1
5.400,-157.4,188.9
5.420,-142.0,201.4
5.440,-129.9,210.2
5.460,-122.9,214.4
5.480,-121.4,215.8
5.500,-124.6,214.2
5.520,-132.7,208.2
5.540,-145.7,199.1
5.560,-163.3,185.1
5.580,-181.0,166.2
5.600,-198.7,144.4
5.620,-214.4,119.7
5.640,-226.3,93.60
5.660,-235.1,68.42
5.680,-238.7,46.05
5.700,-243.2,29.17
5.720,-244.0,17.44
5.740,-244.1,12.08
5.760,-244.0,12.33
5.780,-243.2,19.46
5.800,-241.7,31.49
5.820,-239.4,49.76
5.840,-234.5,71.61
5.860,-225.5,96.03
5.880,-214.5,120.9
5.900,-198.8,144.3
5.920,-182.1,165.4
5.940,-165.4,182.5
5.960,-150.2,197.9
5.980,-138.0,206.5
6.000,-129.6,212.1
6.020,-126.8,213.7
6.040,-127.6,213.4
6.060,-134.7,208.5
6.080,-146.5,199.7
6.100,-162.1,187.5
6.120,-178.4,171.3
6.140,-195.7,150.4
6.160,-211.2,127.5
6.180,-223.3,101.8
6.200,-232.1,77.37
6.220,-237.6,55.51
6.240,-243.4,37.82
6.260,-244.4,25.19
6.280,-244.8,18.17
6.300,-244.5,17.58
6.320,-244.6,22.66
6.340,-243.4,34.41
6.360,-240.2,50.19
6.380,-234.4,70.42
6.400,-226.8,93.01
6.420,-218.0,117.0
6.440,-202.7,139.0
6.460,-187.3,160.2
6.480,-171.2,178.0
6.500,-156.1,192.2
6.520,-143.6,200.7
6.540,-134.9,207.8
6.560,-130.7,211.0
6.580,-131.5,210.6
6.600,-136.5,207.3
6.620,-147.0,199.2
6.640,-161.3,187.1
6.660,-176.5,171.7
6.680,-193.2,152.6
6.700,-208.8,131.4
6.720,-221.3,107.1
6.740,-230.5,84.05
6.760,-236.1,63.16
6.780,-239.8,45.21
6.800,-242.8,32.06
6.820,-243.8,24.14
6.840,-244.2,22.55
6.860,-243.8,26.82
6.880,-242.3,36.47
6.900,-238.7,51.22
6.920,-234.5,70.14
6.940,-227.2,91.08
6.960,-217.5,113.6
6.980,-204.5,135.1
7.000,-189.6,156.3
7.020,-174.9,173.2
7.040,-160.4,187.8
7.060,-147.9,198.0
7.080,-138.6,204.4
7.100,-134.4,207.3
7.120,-134.3,207.4
7.140,-139.1,204.1
7.160,-148.2,197.2
7.180,-161.1,186.6
7.200,-175.4,172.8
7.220,-191.3,155.1
7.240,-206.4,133.1
7.260,-218.5,111.2
7.280,-228.1,88.70
7.300,-235.0,68.56
7.320,-239.2,51.50
7.340,-241.6,38.37
7.360,-244.1,30.08
7.380,-244.1,27.83
7.400,-243.9,31.00
7.420,-242.6,39.49
7.440,-240.7,53.65
7.460,-236.6,70.72
7.480,-229.7,91.22
7.500,-220.0,112.2
7.520,-206.9,133.0
7.540,-194.0,152.6
7.560,-179.4,170.8
7.580,-165.4,185.0
7.600,-153.2,194.0
7.620,-143.9,200.5
7.640,-139.3,203.7
7.660,-138.9,204.2
7.680,-142.6,202.4
7.700,-150.6,196.3
7.720,-162.8,186.3
7.740,-177.1,172.5
7.760,-191.7,156.2
7.780,-205.3,136.7
7.800,-217.3,115.4
7.820,-226.5,93.89
7.840,-233.3,74.16
7.860,-237.8,57.10
7.880,-240.9,44.03
7.900,-242.8,35.95
7.920,-242.8,32.72
7.940,-242.6,35.21
7.960,-242.0,42.91
7.980,-239.3,54.51
8.000,-234.9,71.08
8.020,-228.8,90.03
8.040,-220.3,109.8
8.060,-208.7,130.2
8.080,-195.5,148.3
8.100,-182.1,165.5
8.120,-168.7,179.3
8.140,-156.7,189.9
8.160,-148.8,197.4
8.180,-143.9,200.2
8.200,-142.4,201.1
8.220,-145.2,199.3
8.240,-152.8,193.9
8.260,-163.8,185.0
8.280,-175.8,173.1
8.300,-189.9,157.0
8.320,-203.6,139.1
8.340,-215.1,118.9
8.360,-224.1,98.31
8.380,-231.3,79.21
8.400,-235.5,62.80
8.420,-238.3,49.41
8.440,-241.0,41.29
8.460,-241.9,38.21
8.480,-241.8,39.36
8.500,-240.6,45.63
8.520,-238.2,57.01
8.540,-234.1,71.57
8.560,-228.5,89.09
8.580,-220.1,108.3
8.600,-209.8,126.9
8.620,-197.5,145.0
8.640,-185.3,161.3
8.660,-172.9,175.7
8.680,-161.9,186.4
8.700,-153.0,194.1
8.720,-147.9,197.8
8.740,-146.7,199.0
8.760,-148.6,197.7
8.780,-155.0,192.9
8.800,-164.7,185.6
8.820,-175.9,174.3
8.840,-188.6,159.2
8.860,-201.7,141.3
8.880,-213.2,122.6
8.900,-222.6,103.3
8.920,-230.6,85.30
8.940,-236.1,69.18
8.960,-239.2,56.00
8.980,-241.0,47.51
9.000,-242.2,42.99
9.020,-242.0,44.07
9.040,-241.0,49.77
9.060,-237.9,59.42
9.080,-234.4,72.14
9.100,-228.5,88.43
9.120,-222.0,106.0
9.140,-212.5,125.1
9.160,-201.2,141.7
9.180,-189.0,158.1
9.200,-177.1,171.6
9.220,-166.6,182.5
9.240,-158.7,189.7
9.260,-152.8,195.8
9.280,-151.2,197.0
9.300,-152.6,196.0
9.320,-157.3,192.3
9.340,-165.6,184.0
9.360,-175.5,173.5
9.380,-187.9,160.0
9.400,-199.7,143.8
9.420,-211.3,126.5
9.440,-220.6,108.8
9.460,-228.7,91.73
9.480,-233.1,75.73
9.500,-236.7,63.15
9.520,-239.7,53.48
9.540,-241.2,48.53
9.560,-241.0,48.11
9.580,-239.8,52.23
9.600,-237.3,60.40
9.620,-234.2,72.22
9.640,-230.1,86.78
9.660,-222.9,103.0
9.680,-214.4,120.2
9.700,-204.1,136.7
9.720,-193.7,153.1
9.740,-181.7,166.4
9.760,-171.9,176.7
9.780,-163.1,185.1
9.800,-157.0,190.0
9.820,-153.9,192.5
9.840,-154.7,192.0
9.860,-157.7,190.3
9.880,-165.0,183.1
9.900,-174.3,173.8
9.920,-185.5,162.2
9.940,-196.9,148.0
9.960,-207.3,131.7
9.980,-216.9,114.9
10.000,-224.3,98.25
10.020,-230.2,82.64
10.040,-234.4,69.94
10.060,-236.9,59.93
10.080,-238.5,54.08
10.100,-239.1,52.60
10.120,-238.4,55.35
10.140,-236.5,61.33
10.160,-234.1,71.58
10.180,-230.0,84.57
10.200,-223.9,99.70
10.220,-217.1,115.9
10.240,-208.1,131.9
10.260,-196.8,147.0
10.280,-186.5,160.0
10.300,-175.5,171.6
10.320,-168.5,181.2
10.340,-162.3,187.2
10.360,-158.7,190.0
10.380,-158.7,190.2
10.400,-159.4,189.7
10.420,-165.3,184.7
10.440,-172.9,175.8
10.460,-182.8,165.5
10.480,-193.5,153.2
10.500,-204.0,138.2
10.520,-213.4,122.9
10.540,-221.1,106.6
10.560,-227.6,91.17
10.580,-232.8,78.44
10.600,-235.2,67.73
10.620,-237.0,60.66
10.640,-237.6,57.71
10.660,-237.9,58.15
10.680,-236.7,63.03
10.700,-234.9,71.09
10.720,-230.3,82.31
10.740,-225.6,95.78
10.760,-219.5,109.9
10.780,-211.3,125.6
10.800,-201.7,140.0
10.820,-192.1,153.8
10.840,-182.6,165.9
10.860,-173.1,175.7
10.880,-166.9,181.8
10.900,-162.8,186.0
10.920,-161.9,187.3
10.940,-162.9,186.9
10.960,-166.6,183.8
10.980,-172.7,177.7
11.000,-181.1,168.3
11.020,-190.7,157.1
11.040,-200.0,143.6
11.060,-209.4,129.2
11.080,-218.9,114.2
11.100,-224.5,99.36
11.120,-229.1,86.09
11.140,-232.9,75.37
11.160,-235.4,67.03
11.180,-236.5,62.23
11.200,-236.3,61.90
11.220,-235.5,64.68
11.240,-233.4,71.29
11.260,-230.4,80.76
11.280,-226.2,92.24
11.300,-220.9,105.2
11.320,-213.5,119.3
11.340,-205.7,133.1
11.360,-196.4,145.8
11.380,-187.4,158.0
11.400,-178.7,167.9
11.420,-172.4,175.0
11.440,-167.4,180.1
11.460,-165.0,182.6
11.480,-165.2,183.2
11.500,-167.5,180.7
11.520,-172.6,175.5
11.540,-179.7,168.1
11.560,-188.4,158.3
11.580,-196.7,146.7
11.600,-206.3,133.8
11.620,-214.3,120.0
11.640,-221.3,105.9
11.660,-226.3,93.56
11.680,-230.4,82.28
11.700,-233.4,73.77
11.720,-234.5,68.59
11.740,-235.0,67.03
11.760,-234.7,67.48
11.780,-233.3,72.96
11.800,-230.8,80.90
11.820,-227.2,90.23
11.840,-222.2,102.5
11.860,-216.4,115.4
11.880,-208.7,128.5
11.900,-200.7,141.3
11.920,-192.3,152.9
11.940,-184.1,162.6
11.960,-177.4,170.7
11.980,-171.5,176.7
12.000,-168.7,179.0
12.020,-168.8,179.1
12.040,-169.2,179.1
12.060,-172.7,175.5
12.080,-179.1,168.6
12.100,-186.7,160.0
12.120,-194.8,150.3
12.140,-203.5,138.3
12.160,-211.1,125.3
12.180,-217.7,112.3
12.200,-223.2,100.3
12.220,-227.8,88.97
12.240,-231.3,80.69
12.260,-233.3,74.83
12.280,-234.0,71.48
12.300,-234.1,71.31
12.320,-233.2,74.74
12.340,-231.2,80.81
12.360,-228.1,89.21
12.380,-224.0,99.81
12.400,-218.7,111.6
12.420,-212.0,124.1
12.440,-205.0,135.7
12.460,-196.8,147.3
12.480,-189.6,157.2
12.500,-182.6,165.2
12.520,-177.1,171.7
12.540,-173.8,175.5
12.560,-172.6,177.8
12.580,-173.0,177.6
12.600,-174.6,176.0
12.620,-179.4,171.4
12.640,-185.3,164.1
12.660,-192.9,154.1
12.680,-200.4,143.5
12.700,-207.6,131.5
12.720,-215.5,119.8
12.740,-220.9,108.0
12.760,-225.9,97.02
12.780,-229.6,88.23
12.800,-232.3,81.70
12.820,-234.1,77.45
12.840,-234.4,75.80
12.860,-233.9,77.58
12.880,-232.4,81.88
12.900,-229.3,88.92
12.920,-225.3,98.09
12.940,-220.6,107.9
12.960,-215.5,119.3
12.980,-208.7,130.2
13.000,-202.1,141.1
13.020,-194.8,150.8
13.040,-187.9,159.3
13.060,-182.3,165.5
13.080,-178.0,170.5
13.100,-175.4,173.3
13.120,-174.6,173.8
13.140,-175.4,173.7
13.160,-179.3,170.0
13.180,-183.9,164.2
13.200,-190.7,156.0
13.220,-198.0,147.2
13.240,-204.5,136.3
13.260,-211.1,125.3
13.280,-217.5,114.4
13.300,-222.2,103.8
13.320,-226.2,94.64
13.340,-229.0,87.63
13.360,-230.7,82.89
13.380,-231.8,80.98
13.400,-232.1,80.91
13.420,-231.0,83.25
13.440,-229.3,88.10
13.460,-226.2,95.72
13.480,-222.0,104.4
13.500,-217.3,114.4
13.520,-211.5,124.7
13.540,-205.1,134.5
13.560,-198.4,144.2
13.580,-192.3,153.0
13.600,-186.9,160.0
13.620,-182.0,165.4
13.640,-179.1,168.4
13.660,-177.7,170.1
13.680,-178.4,169.6
13.700,-180.2,167.9
13.720,-183.9,164.1
13.740,-189.0,158.1
13.760,-195.4,150.2
13.780,-201.5,140.9
13.800,-207.9,130.7
13.820,-213.7,121.0
13.840,-219.1,111.4
13.860,-223.3,102.0
13.880,-226.9,94.72
13.900,-229.2,89.25
13.920,-230.2,85.75
13.940,-230.3,84.36
13.960,-229.9,85.43
13.980,-228.2,88.42
14.000,-225.7,94.24
14.020,-223.2,101.0
14.040,-219.1,110.1
14.060,-214.4,119.1
14.080,-209.5,128.5
14.100,-203.3,138.0
14.120,-197.1,146.2
14.140,-191.3,154.0
14.160,-186.9,159.7
14.180,-183.0,164.3
14.200,-181.1,166.2
14.220,-180.6,167.3
14.240,-181.4,166.2
14.260,-184.0,163.3
14.280,-187.5,159.2
14.300,-192.3,153.2
14.320,-198.3,145.0
14.340,-203.7,136.6
14.360,-210.4,127.1
14.380,-214.9,118.4
14.400,-219.4,109.8
14.420,-223.1,101.7
14.440,-225.4,95.31
14.460,-227.3,90.73
14.480,-228.1,89.03
14.500,-228.2,88.70
14.520,-227.6,90.17
14.540,-226.5,93.47
14.560,-223.8,99.34
14.580,-221.1,106.0
14.600,-216.8,114.2
14.620,-212.1,123.0
14.640,-207.0,131.4
14.660,-201.7,139.3
14.680,-196.8,146.9
14.700,-192.3,152.9
14.720,-188.4,158.6
14.740,-185.3,162.0
14.760,-184.3,163.5
14.780,-184.1,164.0
14.800,-184.8,162.8
14.820,-188.0,159.5
14.840,-191.4,155.1
14.860,-196.0,148.7
14.880,-200.4,142.0
14.900,-206.8,132.9
14.920,-211.9,125.1
14.940,-216.5,117.2
14.960,-220.6,109.5
14.980,-224.2,102.7
15.000,-226.1,97.66
15.020,-227.5,94.62
15.040,-228.4,93.22
15.060,-227.8,93.22
15.080,-227.2,95.01
15.100,-224.6,99.48
15.120,-222.1,105.1
15.140,-219.1,111.2
15.160,-215.1,118.6
15.180,-210.8,126.7
15.200,-205.7,134.3
15.220,-201.4,141.3
15.240,-196.5,148.2
15.260,-192.4,153.4
15.280,-189.6,157.0
15.300,-187.7,160.2
15.320,-186.8,161.2
15.340,-187.1,160.7
15.360,-188.7,159.4
15.380,-191.1,156.2
15.400,-194.9,151.3
15.420,-199.2,144.8
15.440,-203.9,138.8
15.460,-208.9,131.2
15.480,-213.4,124.1
15.500,-217.0,117.2
15.520,-220.2,110.2
15.540,-222.4,104.4
15.560,-224.1,99.88
15.580,-225.2,97.29
15.600,-225.1,96.24
15.620,-224.7,97.13
15.640,-223.6,99.28
15.660,-222.1,103.1
15.680,-219.8,108.2
15.700,-217.1,114.3
15.720,-213.4,121.0
15.740,-209.1,128.6
15.760,-204.6,135.4
15.780,-200.7,141.4
15.800,-196.9,146.8
15.820,-193.6,151.4
15.840,-191.1,154.3
15.860,-189.4,156.7
15.880,-188.9,157.2
15.900,-189.1,157.0
15.920,-190.3,156.4
15.940,-192.5,152.8
15.960,-196.4,147.9
15.980,-200.0,142.6
16.000,-204.5,136.3
16.020,-208.9,128.8
16.040,-213.2,122.2
16.060,-216.6,116.3
16.080,-219.4,110.6
16.100,-221.5,106.2
16.120,-223.8,103.0
16.140,-223.8,101.2
16.160,-223.9,100.7
16.180,-223.8,101.7
16.200,-221.7,104.5
16.220,-220.3,107.8
16.240,-218.4,112.7
16.260,-215.2,118.1
16.280,-211.3,124.1
16.300,-207.5,130.3
16.320,-203.6,136.2
16.340,-200.2,141.3
16.360,-196.9,145.9
16.380,-194.6,150.1
16.400,-192.2,152.3
16.420,-191.3,153.5
16.440,-191.0,153.9
16.460,-192.0,152.7
16.480,-193.4,151.1
16.500,-196.1,147.5
16.520,-199.3,143.4
16.540,-202.7,138.1
16.560,-206.1,132.5
16.580,-210.3,126.3
16.600,-213.4,121.0
16.620,-216.1,115.8
16.640,-218.3,111.1
16.660,-220.1,108.0
16.680,-221.3,105.2
16.700,-221.8,104.1
16.720,-221.9,104.1
16.740,-221.3,105.4
16.760,-219.7,108.4
16.780,-217.7,112.4
16.800,-215.8,117.0
16.820,-213.0,121.4
16.840,-210.0,126.9
16.860,-206.3,132.2
16.880,-203.6,137.1
16.900,-200.4,141.9
16.920,-197.9,145.4
16.940,-195.8,148.3
16.960,-194.5,149.6
16.980,-193.5,150.9
17.000,-194.4,150.5
17.020,-195.2,149.0
17.040,-196.0,147.8
17.060,-198.1,144.6
17.080,-201.9,139.5
17.100,-205.2,135.3
17.120,-208.4,130.4
17.140,-211.3,125.2
17.160,-213.7,120.4
17.180,-216.3,116.0
17.200,-218.0,112.5
17.220,-219.7,109.4
17.240,-220.4,107.8
17.260,-220.3,107.6
17.280,-219.9,108.1
17.300,-219.3,109.3
17.320,-218.0,112.2
17.340,-216.3,115.6
17.360,-214.3,119.6
17.380,-211.7,124.2
17.400,-209.1,128.5
17.420,-205.9,133.1
17.440,-203.1,137.1
17.460,-200.7,140.4
17.480,-198.6,143.4
17.500,-197.3,145.3
17.520,-196.2,146.8
17.540,-195.9,147.0
17.560,-196.2,147.0
17.580,-196.8,145.8
17.600,-198.7,143.8
17.620,-201.0,141.4
17.640,-203.6,137.2
17.660,-206.2,133.4
17.680,-209.1,129.0
17.700,-211.4,125.1
17.720,-213.4,121.1
17.740,-215.4,117.5
17.760,-216.6,114.9
17.780,-217.6,112.9
17.800,-218.2,111.8
17.820,-218.3,111.5
17.840,-218.2,111.8
17.860,-217.6,113.0
17.880,-216.2,115.4
17.900,-214.4,118.6
17.920,-212.5,122.1
17.940,-210.3,125.5
17.960,-208.1,129.0
17.980,-205.8,133.2
18.000,-203.6,136.4
18.020,-201.7,139.3
18.040,-200.2,141.4
18.060,-199.4,142.5
18.080,-198.3,144.3
18.100,-198.1,144.3
18.120,-198.3,143.9
18.140,-198.9,142.9
18.160,-200.4,141.3
18.180,-202.0,138.5
18.200,-204.3,135.3
18.220,-206.5,132.1
18.240,-208.3,128.8
18.260,-210.2,125.7
18.280,-212.2,122.3
18.300,-214.0,119.5
18.320,-215.1,117.1
18.340,-216.0,115.5
18.360,-216.1,114.8
18.380,-216.1,114.8
18.400,-216.1,115.1
18.420,-215.4,116.3
18.440,-214.2,118.3
18.460,-212.7,120.9
18.480,-211.2,123.8
18.500,-209.6,127.1
18.520,-207.9,130.2
18.540,-205.9,133.4
18.560,-204.4,135.3
18.580,-202.7,137.3
18.600,-201.9,138.9
18.620,-201.2,140.2
18.640,-200.4,141.3
18.660,-200.3,141.2
18.680,-200.3,140.7
18.700,-201.0,139.9
18.720,-202.1,138.5
18.740,-203.3,137.1
18.760,-205.4,134.0
18.780,-206.5,132.1
18.800,-208.9,127.9
18.820,-210.5,125.5
18.840,-211.7,122.8
18.860,-212.8,121.0
18.880,-214.0,119.3
18.900,-214.4,118.7
18.920,-214.6,117.9
18.940,-214.8,118.0
18.960,-214.3,118.8
18.980,-213.4,120.2
19.000,-212.4,121.8
19.020,-211.4,123.4
19.040,-209.8,126.1
19.060,-208.6,128.3
19.080,-207.1,130.7
19.100,-206.0,132.4
19.120,-204.7,134.5
19.140,-204.0,135.7
19.160,-203.2,137.2
19.180,-202.9,137.3
19.200,-202.4,138.1
19.220,-202.6,137.6
19.240,-203.4,137.1
19.260,-204.1,136.4
19.280,-204.1,135.6
19.300,-205.3,134.3
19.320,-206.5,132.3
19.340,-207.6,129.9
19.360,-209.1,128.1
19.380,-210.4,126.2
19.400,-211.4,124.3
19.420,-211.9,123.0
19.440,-212.4,122.5
19.460,-212.4,121.9
19.480,-212.4,121.8
19.500,-212.2,121.8
19.520,-212.1,122.3
19.540,-211.4,123.4
19.560,-210.5,124.6
19.580,-209.5,126.2
19.600,-208.4,128.0
19.620,-207.3,129.5
19.640,-206.5,130.9
19.660,-206.0,132.3
19.680,-204.9,133.6
19.700,-204.8,134.2
19.720,-204.3,135.2
19.740,-204.2,135.3
19.760,-204.1,135.3
19.780,-204.1,135.1
19.800,-204.3,134.9
19.820,-204.9,133.9
19.840,-205.2,133.5
19.860,-206.3,132.5
19.880,-207.3,130.4
19.900,-208.0,129.2
19.920,-208.7,127.8
19.940,-209.3,127.3
19.960,-209.8,126.0
19.980,-210.1,125.6
20.000,-210.8,124.8
20.020,-211.0,125.0
20.040,-211.0,124.8
20.060,-210.9,125.0
20.080,-210.8,125.3
20.100,-210.5,125.9
20.120,-209.6,127.1
20.140,-209.2,127.6
20.160,-208.5,129.2
20.180,-208.7,129.8
20.200,-207.8,131.1
20.220,-207.7,131.4
20.240,-207.2,132.2
20.260,-207.0,132.2
20.280,-207.1,132.5
20.300,-207.0,132.9
20.320,-207.0,133.0
20.340,-207.0,132.9
20.360,-207.1,132.5
20.380,-207.4,132.4
20.400,-207.5,132.0
20.420,-207.7,131.3
20.440,-208.3,130.4
20.460,-208.9,129.4
20.480,-209.2,128.8
20.500,-209.4,128.5
20.520,-209.5,127.9
20.540,-209.3,127.8
20.560,-209.4,127.6
20.580,-209.3,127.7
20.600,-209.2,127.8
20.620,-209.2,127.9
20.640,-209.0,128.1
20.660,-208.9,128.3
20.680,-208.8,128.6
20.700,-208.5,129.3
20.720,-208.7,129.5
20.740,-208.7,129.4
20.760,-208.9,129.7
20.780,-208.3,130.2
20.800,-207.9,130.4
20.820,-208.1,130.2
20.840,-208.2,130.1
20.860,-208.5,129.8
20.880,-208.4,129.8
20.900,-208.2,129.8
20.920,-208.4,129.7
20.940,-208.3,129.6
20.960,-208.7,129.3
20.980,-208.9,129.1
21.000,-208.9,129.1
21.020,-209.0,129.0
21.040,-209.0,129.0
21.060,-209.0,128.9
21.080,-209.2,128.9
21.100,-209.2,129.1
21.120,-209.0,129.1
21.140,-209.0,129.1
21.160,-208.9,129.2
21.180,-208.8,129.2
21.200,-208.9,129.2
21.220,-208.9,129.2
21.240,-208.9,129.2
21.260,-208.9,129.2
21.280,-208.9,129.2
21.300,-209.0,129.2
21.320,-209.1,129.0
21.340,-209.1,129.0
21.360,-209.1,129.0
21.380,-209.1,129.0
21.400,-209.0,129.0
21.420,-209.0,129.1
21.440,-209.0,129.1
21.460,-209.0,129.0
21.480,-209.0,129.1
21.500,-209.1,129.0
21.520,-209.0,129.1
21.540,-209.1,129.0
21.560,-209.2,129.0
21.580,-209.1,129.0
21.600,-208.8,129.1
21.620,-209.0,129.0
21.640,-209.1,129.0
21.660,-209.1,129.1
21.680,-209.0,129.0
21.700,-209.0,129.0
21.720,-209.1,129.0
21.740,-208.9,129.1
21.760,-209.0,129.0
21.780,-208.9,129.0
21.800,-208.9,129.0
21.820,-209.0,129.0
21.840,-209.0,129.1
21.860,-209.0,129.1
21.880,-209.1,129.0
21.900,-209.0,129.1
21.920,-209.0,129.1
21.940,-209.0,129.0
21.960,-209.0,129.1
21.980,-209.0,129.1
22.000,-209.0,129.1
22.020,-209.1,129.1
22.040,-209.0,129.1
22.060,-209.1,129.1
22.080,-209.0,129.1
22.100,-209.0,129.1
22.120,-209.0,129.1
22.140,-209.0,129.1
22.160,-209.0,129.0
22.180,-208.9,129.0
22.200,-209.0,129.0
22.220,-209.1,129.1
22.240,-209.1,129.0
22.260,-209.0,129.0
22.280,-209.0,129.1
22.300,-209.0,129.1
22.320,-209.0,129.1
22.340,-208.9,129.1
22.360,-209.0,129.0
22.380,-209.0,129.0
22.400,-209.1,129.0
22.420,-209.1,129.0
22.440,-209.0,129.1
22.460,-209.0,129.1
22.480,-209.0,129.1
22.500,-209.0,129.1
22.520,-209.0,129.1
22.540,-209.0,129.1
22.560,-209.0,129.2
22.580,-209.0,129.1
22.600,-209.0,129.1
22.620,-209.0,129.1
22.640,-209.1,129.0
22.660,-209.1,128.9
22.680,-209.1,129.0
22.700,-209.1,129.0
22.720,-209.0,129.1
22.740,-209.1,129.0
22.760,-209.0,129.0
22.780,-209.0,129.1
22.800,-209.0,129.1
22.820,-209.1,129.1
22.840,-209.1,129.1
22.860,-209.0,129.1
22.880,-209.0,129.1
22.900,-209.0,129.0
22.920,-209.0,129.0
22.940,-209.0,129.0
22.960,-208.9,129.1
22.980,-209.0,129.1
23.000,-208.9,129.0
23.020,-209.0,129.0
23.040,-209.0,129.1
23.060,-209.1,129.0
23.080,-209.1,129.0
23.100,-209.1,129.0
23.120,-209.1,129.0
23.140,-209.1,129.0
23.160,-209.0,129.0
23.180,-209.0,129.1
23.200,-209.0,129.2
23.220,-209.0,129.2
23.240,-209.1,129.1
23.260,-209.1,129.1
23.280,-209.1,129.0
23.300,-209.2,129.0
23.320,-209.1,129.0
23.340,-209.0,129.1
23.360,-209.0,129.0
23.380,-209.0,129.0
23.400,-209.0,129.0
23.420,-209.0,129.1
23.440,-209.0,129.0
23.460,-209.0,129.0
23.480,-209.0,129.1
23.500,-209.1,129.0
23.520,-209.0,129.0
23.540,-209.0,129.0
23.560,-209.0,129.0
23.580,-209.1,129.0
23.600,-209.0,129.1
23.620,-209.0,129.1
23.640,-209.1,129.0
23.660,-209.1,128.9
23.680,-209.0,129.1
23.700,-209.0,129.1
23.720,-209.0,129.1
23.740,-209.1,129.0
23.760,-208.9,129.1
23.780,-209.0,129.1
23.800,-209.0,129.1
23.820,-208.9,129.0
23.840,-209.0,129.1
23.860,-209.0,129.0
23.880,-209.0,129.1
23.900,-209.1,129.1
23.920,-209.0,129.0
23.940,-209.1,129.0
23.960,-209.0,129.0
23.980,-209.0,129.0
24.000,-209.0,129.1
24.020,-209.0,129.1
24.040,-209.1,129.1
24.060,-209.1,129.0
24.080,-209.0,129.1
24.100,-209.0,129.0
24.120,-209.0,129.0
