t,x,y
5.600000e-1,4.388713e1,3.625682e2
6.000000e-1,6.025284e1,3.624148e2
6.400000e-1,7.615031e1,3.603972e2
6.800000e-1,9.035395e1,3.550321e2
7.200000e-1,1.060671e2,3.535385e2
7.600000e-1,1.209603e2,3.469132e2
8.000000e-1,1.366009e2,3.399419e2
8.400000e-1,1.524848e2,3.347026e2
8.800000e-1,1.675400e2,3.289467e2
9.200000e-1,1.819009e2,3.227343e2
9.600000e-1,1.969491e2,3.158399e2
1.000000e0,2.106934e2,3.068018e2
1.040000e0,2.241197e2,2.981952e2
1.080000e0,2.366905e2,2.884355e2
1.120000e0,2.473114e2,2.799147e2
1.160000e0,2.589070e2,2.635586e2
1.200000e0,2.698978e2,2.508581e2
1.240000e0,2.811016e2,2.378373e2
1.280000e0,2.916075e2,2.231213e2
1.320000e0,3.017843e2,2.093013e2
1.360000e0,3.103132e2,1.959510e2
1.400000e0,3.190514e2,1.823333e2
1.440000e0,3.271157e2,1.680621e2
1.480000e0,3.331907e2,1.532953e2
1.520000e0,3.391292e2,1.382603e2
1.560000e0,3.442083e2,1.227138e2
1.600000e0,3.482606e2,1.080896e2
1.640000e0,3.524560e2,9.165682e1
1.680000e0,3.561146e2,7.482212e1
1.720000e0,3.590171e2,5.793793e1
1.760000e0,3.607778e2,4.140732e1
1.800000e0,3.617364e2,2.508979e1
1.840000e0,3.622713e2,9.112454e0
1.880000e0,3.623178e2,-7.127794e0
1.920000e0,3.617003e2,-2.293684e1
1.960000e0,3.599531e2,-3.923735e1
2.000000e0,3.570245e2,-5.500785e1
2.040000e0,3.543180e2,-6.996384e1
2.080000e0,3.504995e2,-8.513920e1
2.120000e0,3.461153e2,-1.005885e2
2.160000e0,3.410409e2,-1.153800e2
2.200000e0,3.353270e2,-1.293279e2
2.240000e0,3.280833e2,-1.449253e2
2.280000e0,3.205909e2,-1.591177e2
2.320000e0,3.128760e2,-1.731658e2
2.360000e0,3.038061e2,-1.873775e2
2.400000e0,2.948286e2,-2.006819e2
2.440000e0,2.853049e2,-2.132888e2
2.480000e0,2.752044e2,-2.257932e2
2.520000e0,2.640395e2,-2.369265e2
2.560000e0,2.535390e2,-2.470953e2
2.600000e0,2.426679e2,-2.576668e2
2.640000e0,2.295143e2,-2.672035e2
2.680000e0,2.165325e2,-2.772529e2
2.720000e0,2.029357e2,-2.863625e2
2.760000e0,1.894637e2,-2.956525e2
2.800000e0,1.758379e2,-3.034744e2
2.840000e0,1.619315e2,-3.105427e2
2.880000e0,1.474503e2,-3.157775e2
2.920000e0,1.316741e2,-3.220010e2
2.960000e0,1.168983e2,-3.281405e2
3.000000e0,1.020411e2,-3.314975e2
3.040000e0,8.712831e1,-3.346953e2
3.080000e0,7.180076e1,-3.369731e2
3.120000e0,5.637256e1,-3.385343e2
3.160000e0,4.102114e1,-3.405362e2
3.200000e0,2.569658e1,-3.413126e2
3.240000e0,9.491773e0,-3.417797e2
3.280000e0,-5.920313e0,-3.417934e2
3.320000e0,-2.180507e1,-3.410932e2
3.360000e0,-3.648108e1,-3.388160e2
3.400000e0,-5.201307e1,-3.371308e2
3.440000e0,-6.649483e1,-3.342644e2
3.480000e0,-8.125032e1,-3.305291e2
3.520000e0,-9.590889e1,-3.272024e2
3.560000e0,-1.098493e2,-3.215986e2
3.600000e0,-1.245982e2,-3.157175e2
3.640000e0,-1.376589e2,-3.095609e2
3.680000e0,-1.519075e2,-3.028208e2
3.720000e0,-1.650884e2,-2.940389e2
3.760000e0,-1.781613e2,-2.874609e2
3.800000e0,-1.901495e2,-2.783649e2
3.840000e0,-2.038377e2,-2.679128e2
3.880000e0,-2.151424e2,-2.594671e2
3.920000e0,-2.266234e2,-2.485310e2
3.960000e0,-2.374514e2,-2.381922e2
4.000000e0,-2.479002e2,-2.268857e2
4.040000e0,-2.572958e2,-2.149075e2
4.080000e0,-2.738699e2,-2.010364e2
4.120000e0,-2.823491e2,-1.878540e2
4.160000e0,-2.901643e2,-1.738406e2
4.200000e0,-2.971854e2,-1.596188e2
4.240000e0,-3.037669e2,-1.460576e2
4.280000e0,-3.097715e2,-1.329189e2
4.320000e0,-3.146339e2,-1.173899e2
4.360000e0,-3.209292e2,-1.037251e2
4.400000e0,-3.297030e2,-9.000000e1
4.440000e0,-3.339280e2,-7.482675e1
4.480000e0,-3.401544e2,-5.656009e1
4.520000e0,-3.401544e2,-5.656009e1
4.560000e0,-3.417465e2,-4.163040e1
4.600000e0,-3.425550e2,-2.635482e1
4.640000e0,-3.423338e2,-1.056193e1
4.680000e0,-3.416841e2,5.288138e0
4.720000e0,-3.412121e2,2.009050e1
4.760000e0,-3.404963e2,3.520718e1
4.800000e0,-3.371020e2,5.064489e1
4.840000e0,-3.344696e2,6.653478e1
4.880000e0,-3.311400e2,8.174613e1
4.920000e0,-3.279121e2,9.690342e1
4.960000e0,-3.235281e2,1.116411e2
5.000000e0,-3.199088e2,1.269262e2
5.040000e0,-3.116793e2,1.417940e2
5.080000e0,-3.056725e2,1.566078e2
5.120000e0,-2.982351e2,1.711600e2
5.160000e0,-2.900511e2,1.849583e2
5.200000e0,-2.811598e2,1.989019e2
5.240000e0,-2.714488e2,2.118963e2
5.280000e0,-2.612357e2,2.231640e2
5.320000e0,-2.500918e2,2.356892e2
5.360000e0,-2.388661e2,2.459670e2
5.400000e0,-2.275787e2,2.574366e2
5.440000e0,-2.155154e2,2.667059e2
5.480000e0,-2.036323e2,2.761891e2
5.520000e0,-1.916115e2,2.845673e2
5.560000e0,-1.791929e2,2.929808e2
5.600000e0,-1.660549e2,2.994373e2
5.640000e0,-1.540304e2,3.064532e2
5.680000e0,-1.402879e2,3.132657e2
5.720000e0,-1.260213e2,3.202852e2
5.760000e0,-1.112863e2,3.255297e2
5.800000e0,-9.731132e1,3.301949e2
5.840000e0,-8.143699e1,3.338141e2
5.880000e0,-6.588085e1,3.384745e2
5.920000e0,-5.059349e1,3.419997e2
5.960000e0,-3.482538e1,3.451683e2
6.000000e0,-2.046105e1,3.465652e2
6.040000e0,-3.764683e0,3.477622e2
6.080000e0,9.894883e0,3.488063e2
6.120000e0,2.565942e1,3.485081e2
6.160000e0,4.089861e1,3.475365e2
6.200000e0,5.692823e1,3.454090e2
6.240000e0,7.283932e1,3.435798e2
6.280000e0,8.763390e1,3.416920e2
6.320000e0,1.029820e2,3.371981e2
6.360000e0,1.182642e2,3.331203e2
6.400000e0,1.330493e2,3.281869e2
6.440000e0,1.487398e2,3.234898e2
6.480000e0,1.626153e2,3.188255e2
6.520000e0,1.785833e2,3.114314e2
6.560000e0,1.938424e2,3.029937e2
6.600000e0,2.073685e2,2.954005e2
6.640000e0,2.206741e2,2.875296e2
6.680000e0,2.332787e2,2.769804e2
6.720000e0,2.456891e2,2.700992e2
6.760000e0,2.572909e2,2.575069e2
6.800000e0,2.682095e2,2.450321e2
6.840000e0,2.786423e2,2.322194e2
6.880000e0,2.885926e2,2.189532e2
6.920000e0,2.981813e2,2.052242e2
6.960000e0,3.063111e2,1.916485e2
7.000000e0,3.145808e2,1.784911e2
7.040000e0,3.223393e2,1.639611e2
7.080000e0,3.291500e2,1.498837e2
7.120000e0,3.347218e2,1.354793e2
7.160000e0,3.400605e2,1.205745e2
7.200000e0,3.443493e2,1.055805e2
7.240000e0,3.485563e2,9.020539e1
7.280000e0,3.523680e2,7.368762e1
7.320000e0,3.552370e2,6.410143e1
7.360000e0,3.569671e2,4.822516e1
7.400000e0,3.585049e2,3.188464e1
7.440000e0,3.587737e2,1.578296e1
7.480000e0,3.601178e2,-2.324665e-1
7.520000e0,3.602172e2,-1.595741e1
7.560000e0,3.605304e2,-3.213738e1
7.600000e0,3.590334e2,-4.734640e1
7.640000e0,3.553945e2,-6.293979e1
7.680000e0,3.530909e2,-7.782816e1
7.720000e0,3.489404e2,-9.340482e1
7.760000e0,3.441941e2,-1.080749e2
7.800000e0,3.378520e2,-1.221872e2
7.840000e0,3.332648e2,-1.386756e2
7.880000e0,3.250295e2,-1.521774e2
7.920000e0,3.172837e2,-1.660439e2
7.960000e0,3.100242e2,-1.813355e2
8.000000e0,2.999090e2,-1.951330e2
8.040000e0,2.892860e2,-2.070166e2
8.080000e0,2.812183e2,-2.211120e2
8.120000e0,2.655918e2,-2.274998e2
8.160000e0,2.566544e2,-2.385426e2
8.200000e0,2.492804e2,-2.528347e2
8.240000e0,2.346963e2,-2.594637e2
8.280000e0,2.203471e2,-2.678621e2
8.320000e0,2.094971e2,-2.795465e2
8.360000e0,1.974559e2,-2.925249e2
8.400000e0,1.852855e2,-3.030672e2
8.440000e0,1.662584e2,-3.000834e2
8.480000e0,1.522111e2,-3.069311e2
8.520000e0,1.372391e2,-3.128181e2
8.560000e0,1.223593e2,-3.184180e2
8.600000e0,1.068058e2,-3.233338e2
8.640000e0,9.229824e1,-3.266663e2
8.680000e0,7.807746e1,-3.294319e2
8.720000e0,6.316669e1,-3.316474e2
8.760000e0,4.817450e1,-3.347603e2
8.800000e0,3.244417e1,-3.346203e2
8.840000e0,1.733844e1,-3.357139e2
8.880000e0,1.171733e0,-3.352773e2
8.920000e0,-1.353601e1,-3.349495e2
8.960000e0,-2.843575e1,-3.327622e2
9.000000e0,-4.385378e1,-3.331451e2
9.040000e0,-5.924432e1,-3.301969e2
9.080000e0,-7.399685e1,-3.263671e2
9.120000e0,-8.823423e1,-3.232773e2
9.160000e0,-1.028623e2,-3.182655e2
9.200000e0,-1.162419e2,-3.132407e2
9.240000e0,-1.298184e2,-3.070943e2
9.280000e0,-1.433373e2,-3.005177e2
9.320000e0,-1.662083e2,-2.935167e2
9.360000e0,-1.740914e2,-2.919527e2
9.400000e0,-1.899550e2,-2.811024e2
9.440000e0,-1.960322e2,-2.645886e2
9.480000e0,-2.134333e2,-2.599238e2
9.520000e0,-2.272484e2,-2.552514e2
9.560000e0,-2.420417e2,-2.401697e2
9.600000e0,-2.513056e2,-2.280818e2
9.640000e0,-2.512969e2,-2.109644e2
9.680000e0,-2.689651e2,-1.989247e2
9.720000e0,-2.815615e2,-1.929164e2
9.760000e0,-2.825357e2,-1.765483e2
9.800000e0,-2.957001e2,-1.625358e2
9.840000e0,-3.039244e2,-1.504549e2
9.880000e0,-3.100878e2,-1.358423e2
9.920000e0,-3.166531e2,-1.212356e2
9.960000e0,-3.220854e2,-1.070884e2
1.000000e1,-3.273020e2,-9.295584e1
1.004000e1,-3.312655e2,-7.835263e1
1.008000e1,-3.370344e2,-6.286125e1
1.012000e1,-3.404531e2,-4.779528e1
1.016000e1,-3.412625e2,-3.329120e1
1.020000e1,-3.434112e2,-1.719257e1
1.024000e1,-3.447304e2,-2.013393e0
1.028000e1,-3.448801e2,1.429294e1
1.032000e1,-3.458833e2,2.981874e1
1.036000e1,-3.444709e2,4.411837e1
1.040000e1,-3.420689e2,6.206973e1
1.044000e1,-3.411737e2,7.864860e1
1.048000e1,-3.385233e2,9.264487e1
1.052000e1,-3.357483e2,1.084305e2
1.056000e1,-3.306920e2,1.234755e2
1.060000e1,-3.279185e2,1.385565e2
1.064000e1,-3.213957e2,1.545815e2
1.068000e1,-3.166540e2,1.694933e2
1.072000e1,-3.072106e2,1.764278e2
1.076000e1,-2.993750e2,1.903458e2
1.080000e1,-2.911220e2,2.037232e2
1.084000e1,-2.825745e2,2.171398e2
1.088000e1,-2.737947e2,2.301293e2
1.092000e1,-2.629556e2,2.427434e2
1.096000e1,-2.521556e2,2.526459e2
1.100000e1,-2.405476e2,2.655086e2
1.104000e1,-2.296583e2,2.756765e2
1.108000e1,-2.172977e2,2.834205e2
1.112000e1,-2.055531e2,2.949208e2
1.116000e1,-1.923124e2,3.019937e2
1.120000e1,-1.798803e2,3.118784e2
1.124000e1,-1.672379e2,3.174987e2
1.128000e1,-1.542275e2,3.250308e2
1.132000e1,-1.402134e2,3.312398e2
1.136000e1,-1.251361e2,3.365824e2
1.140000e1,-1.114786e2,3.418958e2
1.144000e1,-9.684398e1,3.466993e2
1.148000e1,-8.163842e1,3.523754e2
1.152000e1,-6.711176e1,3.557656e2
1.156000e1,-5.110985e1,3.588018e2
1.160000e1,-3.720301e1,3.608085e2
1.164000e1,-2.107230e1,3.623826e2
1.168000e1,-6.227177e0,3.641122e2
1.172000e1,8.583637e0,3.639469e2
1.176000e1,2.440704e1,3.638196e2
1.180000e1,3.962727e1,3.625125e2
1.184000e1,5.569974e1,3.609213e2
1.188000e1,7.164658e1,3.594507e2
1.192000e1,8.698997e1,3.564595e2
1.196000e1,1.013600e2,3.524725e2
1.200000e1,1.169261e2,3.483698e2
1.204000e1,1.314981e2,3.429740e2
1.208000e1,1.470749e2,3.379749e2
1.212000e1,1.598876e2,3.307469e2
1.216000e1,1.750600e2,3.239125e2
1.220000e1,1.892970e2,3.159676e2
1.224000e1,2.029291e2,3.077881e2
1.228000e1,2.165510e2,3.000415e2
1.232000e1,2.287703e2,2.890193e2
1.236000e1,2.421611e2,2.784997e2
1.240000e1,2.537383e2,2.652339e2
1.244000e1,2.648722e2,2.527273e2
1.248000e1,2.756594e2,2.395870e2
1.252000e1,2.862620e2,2.261774e2
1.256000e1,2.965951e2,2.121180e2
1.260000e1,3.055703e2,1.991025e2
1.264000e1,3.142302e2,1.861223e2
1.268000e1,3.223399e2,1.724864e2
1.272000e1,3.296189e2,1.586953e2
1.276000e1,3.356482e2,1.439188e2
1.280000e1,3.409453e2,1.285549e2
1.284000e1,3.451489e2,1.133015e2
1.288000e1,3.487181e2,9.776869e1
1.292000e1,3.527521e2,8.101593e1
1.296000e1,3.563465e2,6.475107e1
1.300000e1,3.580660e2,4.813103e1
1.304000e1,3.589736e2,3.218732e1
1.308000e1,3.593337e2,1.580971e1
1.312000e1,3.597633e2,-1.651349e-1
1.316000e1,3.600264e2,-1.572792e1
1.320000e1,3.585253e2,-3.151819e1
1.324000e1,3.562221e2,-4.729254e1
1.328000e1,3.540152e2,-6.273105e1
1.332000e1,3.504225e2,-7.746763e1
1.336000e1,3.478328e2,-9.194441e1
1.340000e1,3.419833e2,-1.065901e2
1.344000e1,3.368710e2,-1.218907e2
1.348000e1,3.302630e2,-1.367374e2
1.352000e1,3.240787e2,-1.502479e2
1.356000e1,3.157507e2,-1.641609e2
1.360000e1,3.076747e2,-1.783790e2
1.364000e1,2.980579e2,-1.923350e2
1.368000e1,2.883369e2,-2.046640e2
1.372000e1,2.788564e2,-2.171695e2
1.376000e1,2.678364e2,-2.291321e2
1.380000e1,2.575388e2,-2.394386e2
1.384000e1,2.464673e2,-2.497470e2
1.388000e1,2.347104e2,-2.594306e2
1.392000e1,2.225900e2,-2.693236e2
1.396000e1,2.102209e2,-2.790989e2
1.400000e1,1.959984e2,-2.887358e2
1.404000e1,1.825604e2,-2.964477e2
1.408000e1,1.688643e2,-3.040889e2
1.412000e1,1.546123e2,-3.097601e2
1.416000e1,1.399920e2,-3.155062e2
1.420000e1,1.245690e2,-3.218311e2
1.424000e1,1.097777e2,-3.267430e2
1.428000e1,9.513013e1,-3.304804e2
1.432000e1,8.035814e1,-3.335904e2
1.436000e1,6.567194e1,-3.352213e2
1.440000e1,5.069435e1,-3.370800e2
1.444000e1,3.452083e1,-3.387019e2
1.448000e1,1.952143e1,-3.389583e2
1.452000e1,3.832612e0,-3.397397e2
1.456000e1,-1.212403e1,-3.385863e2
1.460000e1,-2.767683e1,-3.379726e2
1.464000e1,-4.200289e1,-3.358387e2
1.468000e1,-5.778726e1,-3.329875e2
1.472000e1,-7.149648e1,-3.303216e2
1.476000e1,-8.729693e1,-3.266508e2
1.480000e1,-1.022069e2,-3.225890e2
1.484000e1,-1.166973e2,-3.167159e2
1.488000e1,-1.301227e2,-3.113859e2
1.492000e1,-1.440748e2,-3.050739e2
1.496000e1,-1.579180e2,-2.969021e2
1.500000e1,-1.703130e2,-2.898531e2
1.504000e1,-1.841475e2,-2.807552e2
1.508000e1,-1.961553e2,-2.728852e2
1.512000e1,-2.086755e2,-2.638612e2
1.516000e1,-2.212435e2,-2.533970e2
1.520000e1,-2.325052e2,-2.437215e2
1.524000e1,-2.425002e2,-2.321906e2
1.528000e1,-2.528635e2,-2.214674e2
1.532000e1,-2.626010e2,-2.097016e2
1.536000e1,-2.722104e2,-1.979399e2
1.540000e1,-2.805420e2,-1.851496e2
1.544000e1,-2.896267e2,-1.711591e2
1.548000e1,-3.016503e2,-1.566601e2
1.552000e1,-3.081749e2,-1.436215e2
1.556000e1,-3.162073e2,-1.299619e2
1.560000e1,-3.173016e2,-1.129017e2
1.564000e1,-3.267327e2,-1.022051e2
1.568000e1,-3.307912e2,-8.569570e1
1.572000e1,-3.369168e2,-7.270388e1
1.576000e1,-3.392405e2,-5.859033e1
1.580000e1,-3.448344e2,-4.336707e1
1.584000e1,-3.459571e2,-2.745416e1
1.588000e1,-3.475576e2,-1.194247e1
1.592000e1,-3.502588e2,3.991822e0
1.596000e1,-3.485453e2,1.924351e1
1.600000e1,-3.490507e2,3.617545e1
1.604000e1,-3.487342e2,5.153035e1
1.608000e1,-3.457267e2,6.629392e1
1.612000e1,-3.427961e2,8.333854e1
1.616000e1,-3.404808e2,9.928817e1
1.620000e1,-3.375804e2,1.136801e2
1.624000e1,-3.335674e2,1.294511e2
1.628000e1,-3.282492e2,1.441026e2
1.632000e1,-3.226291e2,1.588346e2
1.636000e1,-3.163399e2,1.755954e2
1.640000e1,-3.083876e2,1.884445e2
1.644000e1,-2.960970e2,1.982580e2
1.648000e1,-2.885360e2,2.083254e2
1.652000e1,-2.818952e2,2.227478e2
1.656000e1,-2.714948e2,2.346495e2
1.660000e1,-2.604481e2,2.472245e2
1.664000e1,-2.500823e2,2.587240e2
1.668000e1,-2.315921e2,2.625630e2
1.672000e1,-2.232165e2,2.758460e2
1.676000e1,-2.108614e2,2.885620e2
1.680000e1,-2.031207e2,2.963006e2
1.684000e1,-1.877301e2,3.051436e2
1.688000e1,-1.755602e2,3.142005e2
1.692000e1,-1.618339e2,3.200284e2
1.696000e1,-1.483864e2,3.260694e2
1.700000e1,-1.339823e2,3.321538e2
1.704000e1,-1.209700e2,3.382905e2
1.708000e1,-1.060230e2,3.412683e2
1.712000e1,-9.165259e1,3.470295e2
1.716000e1,-7.694207e1,3.507105e2
1.720000e1,-6.431525e1,3.562465e2
1.724000e1,-4.639460e1,3.571570e2
1.728000e1,-2.943970e1,3.584674e2
1.732000e1,-1.442743e1,3.620392e2
1.736000e1,1.695155e0,3.625604e2
1.740000e1,1.610095e1,3.620673e2
1.744000e1,3.166109e1,3.597053e2
1.748000e1,4.584850e1,3.603427e2
1.752000e1,6.045123e1,3.572653e2
1.756000e1,7.420183e1,3.546374e2
1.760000e1,9.045945e1,3.508648e2
1.764000e1,1.067878e2,3.485770e2
1.768000e1,1.224316e2,3.453601e2
1.772000e1,1.370015e2,3.384256e2
1.776000e1,1.516077e2,3.310830e2
1.780000e1,1.649098e2,3.261966e2
1.784000e1,1.783039e2,3.189401e2
1.788000e1,1.925056e2,3.113713e2
1.792000e1,2.064726e2,3.019971e2
1.796000e1,2.182431e2,2.914806e2
1.800000e1,2.304182e2,2.840544e2
1.804000e1,2.418963e2,2.719498e2
1.808000e1,2.536117e2,2.609110e2
1.812000e1,2.647581e2,2.489262e2
1.816000e1,2.759772e2,2.352817e2
1.820000e1,2.865761e2,2.225558e2
1.824000e1,2.965658e2,2.090483e2
1.828000e1,3.049469e2,1.953735e2
1.832000e1,3.129974e2,1.822771e2
1.836000e1,3.222014e2,1.690654e2
1.840000e1,3.288894e2,1.551620e2
1.844000e1,3.334547e2,1.404258e2
1.848000e1,3.390298e2,1.249654e2
1.852000e1,3.436726e2,1.101076e2
1.856000e1,3.477407e2,9.430859e1
1.860000e1,3.516648e2,7.853280e1
1.864000e1,3.545426e2,6.218633e1
1.868000e1,3.569060e2,4.692665e1
1.872000e1,3.575891e2,3.080072e1
1.876000e1,3.583350e2,1.436307e1
1.880000e1,3.582464e2,-9.706242e-1
1.884000e1,3.583220e2,-1.694102e1
1.888000e1,3.567399e2,-3.176444e1
1.892000e1,3.533477e2,-4.876193e1
1.896000e1,3.503078e2,-6.354717e1
1.900000e1,3.468898e2,-7.728151e1
1.904000e1,3.431950e2,-9.288961e1
1.908000e1,3.393488e2,-1.082478e2
1.912000e1,3.333885e2,-1.251679e2
1.916000e1,3.266706e2,-1.365698e2
1.920000e1,3.192678e2,-1.507370e2
1.924000e1,3.131981e2,-1.635568e2
1.928000e1,3.094833e2,-1.791881e2
1.932000e1,2.963604e2,-1.903038e2
1.936000e1,2.870943e2,-2.027873e2
1.940000e1,2.771472e2,-2.144756e2
1.944000e1,2.669064e2,-2.254457e2
1.948000e1,2.564949e2,-2.378719e2
1.952000e1,2.453459e2,-2.473984e2
1.956000e1,2.357613e2,-2.587999e2
1.960000e1,2.257730e2,-2.700844e2
1.964000e1,2.123959e2,-2.792695e2
1.968000e1,1.971690e2,-2.864271e2
1.972000e1,1.828225e2,-2.927715e2
1.976000e1,1.709003e2,-3.030123e2
1.980000e1,1.560288e2,-3.069235e2
1.984000e1,1.418783e2,-3.130673e2
1.988000e1,1.261953e2,-3.187226e2
1.992000e1,1.100172e2,-3.249958e2
1.996000e1,9.745426e1,-3.280150e2
2.000000e1,8.374160e1,-3.351018e2
2.004000e1,6.818926e1,-3.345158e2
2.008000e1,5.370344e1,-3.367813e2
2.012000e1,3.750417e1,-3.364008e2
2.016000e1,2.202358e1,-3.371104e2
2.020000e1,3.872302e0,-3.390820e2
2.024000e1,-1.068830e1,-3.383407e2
2.028000e1,-2.723657e1,-3.371614e2
2.032000e1,-4.264984e1,-3.361670e2
2.036000e1,-5.546758e1,-3.355527e2
2.040000e1,-7.470319e1,-3.307536e2
2.044000e1,-8.896387e1,-3.285529e2
2.048000e1,-1.012696e2,-3.228390e2
2.052000e1,-1.178489e2,-3.174338e2
2.056000e1,-1.319552e2,-3.107135e2
2.060000e1,-1.459456e2,-3.039689e2
2.064000e1,-1.621997e2,-2.998701e2
2.068000e1,-1.723569e2,-2.904169e2
2.072000e1,-1.869402e2,-2.835758e2
2.076000e1,-1.986117e2,-2.731124e2
2.080000e1,-2.131986e2,-2.664979e2
2.084000e1,-2.206546e2,-2.530817e2
2.088000e1,-2.362458e2,-2.473927e2
2.092000e1,-2.451987e2,-2.337888e2
2.096000e1,-2.551164e2,-2.236035e2
2.100000e1,-2.670469e2,-2.129770e2
2.104000e1,-2.762351e2,-1.996299e2
2.108000e1,-2.868496e2,-1.905839e2
2.112000e1,-2.933246e2,-1.695044e2
2.116000e1,-3.014470e2,-1.562759e2
2.120000e1,-3.070893e2,-1.434934e2
2.124000e1,-3.132664e2,-1.292389e2
2.128000e1,-3.184018e2,-1.142336e2
2.132000e1,-3.237933e2,-1.007702e2
2.136000e1,-3.282014e2,-8.679418e1
2.140000e1,-3.329107e2,-7.350106e1
2.144000e1,-3.359761e2,-5.975070e1
2.148000e1,-3.393910e2,-4.452183e1
2.152000e1,-3.413864e2,-3.048879e1
2.156000e1,-3.433733e2,-1.526234e1
2.160000e1,-3.459623e2,-1.651795e0
2.164000e1,-3.455824e2,1.506398e1
2.168000e1,-3.443797e2,3.031323e1
2.172000e1,-3.435200e2,4.375143e1
2.176000e1,-3.407723e2,5.675513e1
2.180000e1,-3.381688e2,7.504261e1
2.184000e1,-3.350328e2,9.015804e1
2.188000e1,-3.327508e2,1.028266e2
2.192000e1,-3.264984e2,1.178334e2
2.196000e1,-3.239022e2,1.347139e2
2.200000e1,-3.177845e2,1.458040e2
2.204000e1,-3.109177e2,1.613611e2
2.208000e1,-3.040468e2,1.749313e2
2.212000e1,-2.956930e2,1.885815e2
2.216000e1,-2.854276e2,2.009406e2
2.220000e1,-2.802221e2,2.150239e2
2.224000e1,-2.697578e2,2.298439e2
2.228000e1,-2.605816e2,2.423615e2
2.232000e1,-2.524598e2,2.523874e2
2.236000e1,-2.375432e2,2.611976e2
2.240000e1,-2.266545e2,2.707101e2
2.244000e1,-2.160910e2,2.807393e2
2.248000e1,-2.059814e2,2.922842e2
2.252000e1,-1.926159e2,3.005586e2
2.256000e1,-1.794504e2,3.084202e2
2.260000e1,-1.665127e2,3.145684e2
2.264000e1,-1.543071e2,3.219557e2
2.268000e1,-1.402136e2,3.286593e2
2.272000e1,-1.253159e2,3.329404e2
2.276000e1,-1.123765e2,3.396030e2
2.280000e1,-9.819394e1,3.432886e2
2.284000e1,-8.280771e1,3.473343e2
2.288000e1,-6.826399e1,3.522074e2
2.292000e1,-5.354339e1,3.547969e2
2.296000e1,-3.667885e1,3.567570e2
2.300000e1,-2.263670e1,3.588971e2
2.304000e1,-7.705216e0,3.587784e2
2.308000e1,6.574785e0,3.601513e2
2.312000e1,2.127876e1,3.606556e2
2.316000e1,3.647298e1,3.584471e2
2.320000e1,5.208615e1,3.580645e2
2.324000e1,6.754491e1,3.561039e2
2.328000e1,8.265877e1,3.545003e2
2.332000e1,9.760942e1,3.515074e2
2.336000e1,1.123011e2,3.481262e2
2.340000e1,1.268331e2,3.421995e2
2.344000e1,1.420543e2,3.370817e2
2.348000e1,1.559210e2,3.324014e2
2.352000e1,1.706492e2,3.243405e2
2.356000e1,1.844621e2,3.192794e2
2.360000e1,1.983331e2,3.117730e2
2.364000e1,2.086614e2,3.005345e2
2.368000e1,2.228223e2,2.951313e2
2.372000e1,2.342251e2,2.795364e2
2.376000e1,2.471071e2,2.677322e2
2.380000e1,2.582546e2,2.552985e2
2.384000e1,2.686754e2,2.444637e2
2.388000e1,2.799660e2,2.316265e2
2.392000e1,2.906538e2,2.168912e2
2.396000e1,2.999171e2,2.038016e2
2.400000e1,3.078956e2,1.914887e2
2.404000e1,3.162618e2,1.778485e2
2.408000e1,3.237185e2,1.639105e2
2.412000e1,3.301078e2,1.501087e2
2.416000e1,3.355165e2,1.360646e2
2.420000e1,3.405330e2,1.216406e2
2.424000e1,3.447679e2,1.063668e2
2.428000e1,3.489191e2,9.082839e1
2.432000e1,3.526701e2,7.429403e1
2.436000e1,3.554150e2,5.785500e1
2.440000e1,3.567729e2,4.317287e1
2.444000e1,3.580322e2,2.669554e1
2.448000e1,3.580446e2,1.060474e1
2.452000e1,3.583696e2,-4.937986e0
2.456000e1,3.580442e2,-2.036715e1
2.460000e1,3.559420e2,-3.635348e1
2.464000e1,3.539996e2,-5.213933e1
2.468000e1,3.509357e2,-6.563012e1
2.472000e1,3.476998e2,-7.997413e1
2.476000e1,3.429512e2,-9.657620e1
2.480000e1,3.375857e2,-1.123649e2
2.484000e1,3.320048e2,-1.267675e2
2.488000e1,3.260626e2,-1.387446e2
2.492000e1,3.175978e2,-1.550223e2
2.496000e1,3.108130e2,-1.692825e2
2.500000e1,3.028824e2,-1.810001e2
2.504000e1,2.937507e2,-1.938209e2
2.508000e1,2.843983e2,-2.051872e2
2.512000e1,2.749184e2,-2.179065e2
2.516000e1,2.646957e2,-2.289043e2
2.520000e1,2.540063e2,-2.397790e2
2.524000e1,2.429554e2,-2.493930e2
2.528000e1,2.310022e2,-2.595758e2
2.532000e1,2.193252e2,-2.677121e2
2.536000e1,2.065733e2,-2.779445e2
2.540000e1,1.930000e2,-2.864058e2
2.544000e1,1.790607e2,-2.947002e2
2.548000e1,1.656554e2,-3.015540e2
2.552000e1,1.516751e2,-3.070350e2
2.556000e1,1.369387e2,-3.140681e2
2.560000e1,1.219549e2,-3.202379e2
2.564000e1,1.075360e2,-3.238926e2
2.568000e1,9.276166e1,-3.273974e2
2.572000e1,7.868322e1,-3.306122e2
2.576000e1,6.284565e1,-3.326956e2
2.580000e1,4.763462e1,-3.344417e2
2.584000e1,3.267693e1,-3.353197e2
2.588000e1,1.801083e1,-3.368010e2
2.592000e1,1.737886e0,-3.367239e2
2.596000e1,-1.360236e1,-3.354477e2
2.600000e1,-2.929165e1,-3.354097e2
2.604000e1,-4.397046e1,-3.334309e2
2.608000e1,-6.046767e1,-3.315988e2
2.612000e1,-7.529573e1,-3.285642e2
2.616000e1,-8.986505e1,-3.257425e2
2.620000e1,-1.045252e2,-3.207541e2
2.624000e1,-1.203010e2,-3.173618e2
2.628000e1,-1.344536e2,-3.094220e2
2.632000e1,-1.485732e2,-3.037465e2
2.636000e1,-1.616384e2,-2.956367e2
2.640000e1,-1.761993e2,-2.915062e2
2.644000e1,-1.873936e2,-2.815989e2
2.648000e1,-1.993792e2,-2.716889e2
2.652000e1,-2.124003e2,-2.635491e2
2.656000e1,-2.261876e2,-2.574911e2
2.660000e1,-2.360588e2,-2.458967e2
2.664000e1,-2.452040e2,-2.316053e2
2.668000e1,-2.571429e2,-2.227156e2
2.672000e1,-2.681187e2,-2.117515e2
2.676000e1,-2.760819e2,-1.986899e2
2.680000e1,-2.861892e2,-1.876104e2
2.684000e1,-2.945770e2,-1.732802e2
2.688000e1,-3.000908e2,-1.597671e2
2.692000e1,-3.073015e2,-1.456847e2
2.696000e1,-3.144158e2,-1.326635e2
2.700000e1,-3.177769e2,-1.171461e2
2.704000e1,-3.244181e2,-1.042049e2
2.708000e1,-3.282104e2,-9.035271e1
2.712000e1,-3.308866e2,-7.581682e1
2.716000e1,-3.362365e2,-6.246613e1
2.720000e1,-3.384296e2,-4.874723e1
2.724000e1,-3.415327e2,-3.578282e1
2.728000e1,-3.445302e2,-1.829772e1
2.732000e1,-3.441341e2,-2.985601e0
2.736000e1,-3.480497e2,8.767220e0
2.740000e1,-3.456932e2,2.559769e1
2.744000e1,-3.426351e2,3.969373e1
2.748000e1,-3.415308e2,5.478562e1
2.752000e1,-3.385464e2,6.990763e1
2.756000e1,-3.366406e2,8.541441e1
2.760000e1,-3.330035e2,9.994071e1
2.764000e1,-3.273717e2,1.138436e2
2.768000e1,-3.251193e2,1.292796e2
2.772000e1,-3.179509e2,1.430485e2
2.776000e1,-3.152573e2,1.585089e2
2.780000e1,-3.041686e2,1.713157e2
2.784000e1,-2.982425e2,1.894306e2
2.788000e1,-2.919062e2,2.009680e2
2.792000e1,-2.830889e2,2.152063e2
2.796000e1,-2.744036e2,2.259886e2
2.800000e1,-2.612774e2,2.364657e2
2.804000e1,-2.520427e2,2.494586e2
2.808000e1,-2.423616e2,2.594287e2
2.812000e1,-2.302418e2,2.684912e2
2.816000e1,-2.190699e2,2.804142e2
2.820000e1,-2.071772e2,2.894717e2
2.824000e1,-1.957744e2,2.994847e2
2.828000e1,-1.838210e2,3.075060e2
2.832000e1,-1.704535e2,3.150780e2
2.836000e1,-1.586297e2,3.204014e2
2.840000e1,-1.434666e2,3.255668e2
2.844000e1,-1.303980e2,3.334023e2
2.848000e1,-1.166752e2,3.395323e2
2.852000e1,-1.025738e2,3.434582e2
2.856000e1,-8.716840e1,3.469818e2
2.860000e1,-7.213359e1,3.524626e2
2.864000e1,-5.763727e1,3.538348e2
2.868000e1,-4.285713e1,3.587153e2
2.872000e1,-2.814882e1,3.584332e2
2.876000e1,-1.359522e1,3.597474e2
2.880000e1,1.327410e0,3.611220e2
2.884000e1,1.547783e1,3.619189e2
2.888000e1,3.040763e1,3.613501e2
2.892000e1,4.639782e1,3.601698e2
2.896000e1,6.175279e1,3.574950e2
2.900000e1,7.708540e1,3.555580e2
2.904000e1,9.049217e1,3.528495e2
2.908000e1,1.059133e2,3.476497e2
2.912000e1,1.203686e2,3.442534e2
2.916000e1,1.350855e2,3.400949e2
2.920000e1,1.507350e2,3.340373e2
2.924000e1,1.654108e2,3.281567e2
2.928000e1,1.769593e2,3.192263e2
2.932000e1,1.888762e2,3.130375e2
2.936000e1,2.027889e2,3.046412e2
2.940000e1,2.168397e2,2.962331e2
2.944000e1,2.288007e2,2.849575e2
2.948000e1,2.413989e2,2.744053e2
2.952000e1,2.530077e2,2.622932e2
2.956000e1,2.632107e2,2.511352e2
2.960000e1,2.746082e2,2.386421e2
2.964000e1,2.861614e2,2.249665e2
2.968000e1,2.956116e2,2.112072e2
2.972000e1,3.041651e2,1.984583e2
2.976000e1,3.121322e2,1.856452e2
2.980000e1,3.201546e2,1.717390e2
2.984000e1,3.267023e2,1.582875e2
2.988000e1,3.326615e2,1.444603e2
2.992000e1,3.380675e2,1.301384e2
2.996000e1,3.428102e2,1.150612e2
3.000000e1,3.468027e2,9.991041e1
3.004000e1,3.506071e2,8.354373e1
3.008000e1,3.541198e2,6.769699e1
3.012000e1,3.563010e2,5.176860e1
3.016000e1,3.577577e2,3.537283e1
3.020000e1,3.583338e2,1.967631e1
3.024000e1,3.583918e2,4.216498e0
3.028000e1,3.585802e2,-1.071948e1
3.032000e1,3.577456e2,-2.642796e1
3.036000e1,3.560776e2,-4.336965e1
3.040000e1,3.530463e2,-5.717546e1
3.044000e1,3.499479e2,-7.105167e1
3.048000e1,3.458781e2,-8.678334e1
3.052000e1,3.410123e2,-1.034728e2
3.056000e1,3.360433e2,-1.173610e2
3.060000e1,3.301112e2,-1.319977e2
3.064000e1,3.228623e2,-1.472397e2
3.068000e1,3.151060e2,-1.619547e2
3.072000e1,3.085675e2,-1.721375e2
3.076000e1,2.998300e2,-1.859218e2
3.080000e1,2.909002e2,-1.987590e2
3.084000e1,2.815951e2,-2.099435e2
3.088000e1,2.713988e2,-2.217771e2
3.092000e1,2.608844e2,-2.336605e2
3.096000e1,2.506939e2,-2.419342e2
3.100000e1,2.384591e2,-2.531380e2
3.104000e1,2.269059e2,-2.635548e2
3.108000e1,2.150852e2,-2.716929e2
3.112000e1,2.025612e2,-2.799189e2
3.116000e1,1.884337e2,-2.895736e2
3.120000e1,1.748920e2,-2.977194e2
3.124000e1,1.620873e2,-3.036698e2
3.128000e1,1.478187e2,-3.095110e2
3.132000e1,1.328846e2,-3.153945e2
3.136000e1,1.181767e2,-3.206207e2
3.140000e1,1.040083e2,-3.249062e2
3.144000e1,8.921584e1,-3.275293e2
3.148000e1,7.387053e1,-3.312934e2
3.152000e1,5.977661e1,-3.327802e2
3.156000e1,4.406557e1,-3.349023e2
3.160000e1,2.880948e1,-3.363471e2
3.164000e1,1.345118e1,-3.362109e2
3.168000e1,-2.266242e0,-3.368955e2
3.172000e1,-1.725653e1,-3.358433e2
3.176000e1,-3.201164e1,-3.343655e2
3.180000e1,-4.778022e1,-3.322688e2
3.184000e1,-6.202697e1,-3.298700e2
3.188000e1,-7.627971e1,-3.263427e2
3.192000e1,-9.153135e1,-3.236460e2
3.196000e1,-1.070975e2,-3.197577e2
3.200000e1,-1.216251e2,-3.153524e2
3.204000e1,-1.353335e2,-3.083606e2
3.208000e1,-1.491586e2,-3.026768e2
3.212000e1,-1.622728e2,-2.939348e2
3.216000e1,-1.773281e2,-2.874627e2
3.220000e1,-1.880107e2,-2.789110e2
3.224000e1,-2.023261e2,-2.715507e2
3.228000e1,-2.126454e2,-2.604881e2
3.232000e1,-2.242845e2,-2.515236e2
3.236000e1,-2.352061e2,-2.416498e2
3.240000e1,-2.456187e2,-2.296239e2
3.244000e1,-2.575971e2,-2.203247e2
3.248000e1,-2.674429e2,-2.074438e2
3.252000e1,-2.793279e2,-1.985874e2
3.256000e1,-2.885130e2,-1.863565e2
3.260000e1,-2.961807e2,-1.734680e2
3.264000e1,-3.030492e2,-1.586813e2
3.268000e1,-3.060571e2,-1.447903e2
3.272000e1,-3.179361e2,-1.327538e2
3.276000e1,-3.242866e2,-1.201510e2
3.280000e1,-3.240899e2,-1.028973e2
3.284000e1,-3.289137e2,-8.935865e1
3.288000e1,-3.357754e2,-7.810121e1
3.292000e1,-3.406690e2,-6.300809e1
3.296000e1,-3.414765e2,-4.681252e1
3.300000e1,-3.416198e2,-3.265475e1
3.304000e1,-3.468926e2,-1.704128e1
3.308000e1,-3.465368e2,-2.159389e0
3.312000e1,-3.480049e2,9.525547e0
3.316000e1,-3.492128e2,2.397005e1
3.320000e1,-3.428923e2,3.997862e1
3.324000e1,-3.417290e2,5.458707e1
3.328000e1,-3.396957e2,7.178344e1
3.332000e1,-3.386735e2,8.662362e1
3.336000e1,-3.341318e2,1.005614e2
3.340000e1,-3.286530e2,1.149504e2
3.344000e1,-3.259620e2,1.311591e2
3.348000e1,-3.187044e2,1.429167e2
3.352000e1,-3.110625e2,1.584510e2
3.356000e1,-3.047670e2,1.732308e2
3.360000e1,-2.975009e2,1.853243e2
3.364000e1,-2.896524e2,1.993084e2
3.368000e1,-2.823486e2,2.188836e2
3.372000e1,-2.751139e2,2.260321e2
3.376000e1,-2.650257e2,2.383604e2
3.380000e1,-2.532470e2,2.495977e2
3.384000e1,-2.447172e2,2.592082e2
3.388000e1,-2.310818e2,2.694056e2
3.392000e1,-2.202484e2,2.813351e2
3.396000e1,-2.096917e2,2.897887e2
3.400000e1,-1.978260e2,2.965603e2
3.404000e1,-1.862204e2,3.071207e2
3.408000e1,-1.717223e2,3.130597e2
3.412000e1,-1.604825e2,3.213105e2
3.416000e1,-1.466256e2,3.263509e2
3.420000e1,-1.316920e2,3.315098e2
3.424000e1,-1.182762e2,3.384929e2
3.428000e1,-1.044906e2,3.419634e2
3.432000e1,-9.015790e1,3.466526e2
3.436000e1,-7.456467e1,3.507353e2
3.440000e1,-5.961562e1,3.539624e2
3.444000e1,-4.448915e1,3.560401e2
3.448000e1,-2.977555e1,3.596909e2
3.452000e1,-1.514142e1,3.610038e2
3.456000e1,-3.599672e-1,3.634482e2
3.460000e1,1.319987e1,3.639454e2
3.464000e1,2.793592e1,3.611545e2
3.468000e1,4.390453e1,3.608058e2
3.472000e1,5.828357e1,3.588810e2
3.476000e1,7.382916e1,3.591834e2
3.480000e1,8.831317e1,3.568269e2
3.484000e1,1.024234e2,3.514493e2
3.488000e1,1.174003e2,3.477879e2
3.492000e1,1.320317e2,3.410633e2
3.496000e1,1.468215e2,3.375570e2
3.500000e1,1.619751e2,3.291481e2
3.504000e1,1.725014e2,3.239167e2
3.508000e1,1.867899e2,3.157798e2
3.512000e1,1.989780e2,3.074386e2
3.516000e1,2.120386e2,2.993737e2
3.520000e1,2.235355e2,2.906431e2
3.524000e1,2.367128e2,2.794594e2
3.528000e1,2.510829e2,2.669503e2
3.532000e1,2.608683e2,2.557801e2
3.536000e1,2.708262e2,2.435024e2
3.540000e1,2.820929e2,2.308881e2
3.544000e1,2.927479e2,2.165323e2
3.548000e1,3.017516e2,2.031409e2
3.552000e1,3.096139e2,1.905493e2
3.556000e1,3.176108e2,1.773008e2
3.560000e1,3.250329e2,1.635364e2
3.564000e1,3.308957e2,1.503657e2
3.568000e1,3.368018e2,1.348766e2
3.572000e1,3.414682e2,1.200301e2
3.576000e1,3.455719e2,1.058150e2
3.580000e1,3.494492e2,9.031916e1
3.584000e1,3.530090e2,7.434281e1
3.588000e1,3.556105e2,5.777175e1
3.592000e1,3.570833e2,4.214730e1
3.596000e1,3.581022e2,2.728660e1
3.600000e1,3.583208e2,1.078928e1
3.604000e1,3.585004e2,-4.538134e0
3.608000e1,3.578747e2,-1.976862e1
3.612000e1,3.561602e2,-3.448905e1
3.616000e1,3.540056e2,-4.965490e1
3.620000e1,3.510020e2,-6.472726e1
3.624000e1,3.471424e2,-7.893799e1
3.628000e1,3.428016e2,-9.495177e1
3.632000e1,3.376487e2,-1.091773e2
3.636000e1,3.318299e2,-1.253423e2
3.640000e1,3.259756e2,-1.381134e2
3.644000e1,3.197707e2,-1.509388e2
3.648000e1,3.124313e2,-1.649644e2
3.652000e1,3.043438e2,-1.776647e2
3.656000e1,2.948882e2,-1.915699e2
3.660000e1,2.862959e2,-2.030880e2
3.664000e1,2.764571e2,-2.154129e2
3.668000e1,2.667408e2,-2.269134e2
3.672000e1,2.558894e2,-2.374947e2
3.676000e1,2.449557e2,-2.477532e2
3.680000e1,2.338259e2,-2.559198e2
3.684000e1,2.208624e2,-2.675445e2
3.688000e1,2.091803e2,-2.745515e2
3.692000e1,1.961069e2,-2.838890e2
3.696000e1,1.826574e2,-2.915395e2
3.700000e1,1.693712e2,-2.985428e2
3.704000e1,1.561173e2,-3.053787e2
3.708000e1,1.418485e2,-3.109870e2
3.712000e1,1.271384e2,-3.165234e2
3.716000e1,1.122649e2,-3.216090e2
3.720000e1,9.743623e1,-3.248599e2
3.724000e1,8.336380e1,-3.282348e2
3.728000e1,6.844735e1,-3.305694e2
3.732000e1,5.378880e1,-3.329644e2
3.736000e1,3.815161e1,-3.345239e2
3.740000e1,2.362141e1,-3.347794e2
3.744000e1,9.004273e0,-3.348362e2
3.748000e1,-7.492855e0,-3.351017e2
3.752000e1,-2.235690e1,-3.338178e2
3.756000e1,-3.723170e1,-3.323926e2
3.760000e1,-5.368970e1,-3.313235e2
3.764000e1,-6.840010e1,-3.284635e2
3.768000e1,-8.363702e1,-3.261110e2
3.772000e1,-9.678735e1,-3.212907e2
3.776000e1,-1.101860e2,-3.167942e2
3.780000e1,-1.259418e2,-3.114461e2
3.784000e1,-1.395616e2,-3.047923e2
3.788000e1,-1.514626e2,-2.989680e2
3.792000e1,-1.662403e2,-2.919064e2
3.796000e1,-1.795125e2,-2.842500e2
3.800000e1,-1.913812e2,-2.748457e2
3.804000e1,-2.028774e2,-2.665771e2
3.808000e1,-2.181580e2,-2.608312e2
3.812000e1,-2.314975e2,-2.522353e2
3.816000e1,-2.397789e2,-2.392062e2
3.820000e1,-2.519538e2,-2.317574e2
3.824000e1,-2.640858e2,-2.215928e2
3.828000e1,-2.708413e2,-2.067973e2
3.832000e1,-2.835543e2,-1.962104e2
3.836000e1,-2.890531e2,-1.817657e2
3.840000e1,-2.974248e2,-1.683137e2
3.844000e1,-3.054591e2,-1.565504e2
3.848000e1,-3.149368e2,-1.445048e2
3.852000e1,-3.205255e2,-1.307643e2
3.856000e1,-3.276396e2,-1.172569e2
3.860000e1,-3.311077e2,-1.029582e2
3.864000e1,-3.350880e2,-8.893740e1
3.868000e1,-3.326648e2,-7.387148e1
3.872000e1,-3.371479e2,-5.958192e1
3.876000e1,-3.433648e2,-4.300192e1
3.880000e1,-3.450364e2,-2.954200e1
3.884000e1,-3.459586e2,-1.559316e1
3.888000e1,-3.461459e2,3.666321e-1
3.892000e1,-3.477543e2,1.319887e1
3.896000e1,-3.453379e2,2.861082e1
3.900000e1,-3.427813e2,4.244193e1
3.904000e1,-3.420060e2,5.716603e1
3.908000e1,-3.391865e2,7.228787e1
3.912000e1,-3.390391e2,8.759363e1
3.916000e1,-3.364781e2,1.030861e2
3.920000e1,-3.333155e2,1.165852e2
3.924000e1,-3.257105e2,1.310901e2
3.928000e1,-3.228142e2,1.469591e2
3.932000e1,-3.150881e2,1.611721e2
3.936000e1,-3.101478e2,1.744889e2
3.940000e1,-3.010481e2,1.914887e2
3.944000e1,-2.877996e2,1.991602e2
3.948000e1,-2.820838e2,2.139599e2
3.952000e1,-2.722018e2,2.254956e2
3.956000e1,-2.626162e2,2.395597e2
3.960000e1,-2.528119e2,2.495142e2
3.964000e1,-2.427428e2,2.627740e2
3.968000e1,-2.310193e2,2.746603e2
3.972000e1,-2.214663e2,2.817964e2
3.976000e1,-2.076621e2,2.888156e2
3.980000e1,-1.966784e2,3.014775e2
3.984000e1,-1.844887e2,3.067987e2
3.988000e1,-1.711559e2,3.128927e2
3.992000e1,-1.594883e2,3.195289e2
3.996000e1,-1.475046e2,3.283079e2
4.000000e1,-1.327647e2,3.341219e2
4.004000e1,-1.195964e2,3.401768e2
4.008000e1,-1.044776e2,3.425142e2
4.012000e1,-9.103513e1,3.489686e2
4.016000e1,-7.506727e1,3.529376e2
4.020000e1,-6.104925e1,3.589912e2
4.024000e1,-4.579742e1,3.581519e2
4.028000e1,-3.125986e1,3.607441e2
4.032000e1,-1.619434e1,3.641063e2
4.036000e1,-2.065137e0,3.630090e2
4.040000e1,1.169434e1,3.648782e2
4.044000e1,2.599426e1,3.639202e2
4.048000e1,4.015870e1,3.610972e2
4.052000e1,5.595259e1,3.606017e2
4.056000e1,7.219258e1,3.595720e2
4.060000e1,8.632186e1,3.567217e2
4.064000e1,1.005881e2,3.527527e2
4.068000e1,1.159143e2,3.505150e2
4.072000e1,1.288276e2,3.436950e2
4.076000e1,1.449773e2,3.390952e2
4.080000e1,1.575484e2,3.323336e2
4.084000e1,1.713330e2,3.247758e2
4.088000e1,1.856189e2,3.169731e2
4.092000e1,1.971399e2,3.100068e2
4.096000e1,2.107946e2,3.006179e2
4.100000e1,2.234139e2,2.923801e2
4.104000e1,2.350689e2,2.829873e2
4.108000e1,2.478663e2,2.695062e2
4.112000e1,2.593136e2,2.582985e2
4.116000e1,2.695608e2,2.464172e2
4.120000e1,2.795372e2,2.340152e2
4.124000e1,2.907142e2,2.204145e2
4.128000e1,3.003742e2,2.069102e2
4.132000e1,3.079980e2,1.943111e2
4.136000e1,3.160726e2,1.811397e2
4.140000e1,3.231754e2,1.673480e2
4.144000e1,3.294387e2,1.545418e2
4.148000e1,3.358451e2,1.399813e2
4.152000e1,3.405191e2,1.248846e2
4.156000e1,3.445530e2,1.105183e2
4.160000e1,3.486062e2,9.471321e1
4.164000e1,3.525403e2,7.926673e1
4.168000e1,3.550804e2,6.356170e1
4.172000e1,3.568757e2,4.791307e1
4.176000e1,3.580909e2,3.207189e1
4.180000e1,3.583989e2,1.660481e1
4.184000e1,3.583986e2,1.305537e0
4.188000e1,3.583606e2,-1.358072e1
4.192000e1,3.568352e2,-2.921205e1
4.196000e1,3.548678e2,-4.438377e1
4.200000e1,3.517829e2,-6.115046e1
4.204000e1,3.487935e2,-7.590685e1
4.208000e1,3.439786e2,-9.070680e1
4.212000e1,3.390561e2,-1.063897e2
4.216000e1,3.348773e2,-1.192848e2
4.220000e1,3.289539e2,-1.312309e2
4.224000e1,3.217462e2,-1.473474e2
4.228000e1,3.148827e2,-1.613648e2
4.232000e1,3.068114e2,-1.730671e2
4.236000e1,2.985162e2,-1.853924e2
4.240000e1,2.889955e2,-1.997711e2
4.244000e1,2.808124e2,-2.096488e2
4.248000e1,2.705590e2,-2.212176e2
4.252000e1,2.598293e2,-2.332885e2
4.256000e1,2.492894e2,-2.430113e2
4.260000e1,2.383738e2,-2.521090e2
4.264000e1,2.266230e2,-2.622966e2
4.268000e1,2.145171e2,-2.714356e2
4.272000e1,2.016654e2,-2.803957e2
4.276000e1,1.886293e2,-2.884225e2
4.280000e1,1.753513e2,-2.955946e2
4.284000e1,1.618193e2,-3.032388e2
4.288000e1,1.484082e2,-3.093342e2
4.292000e1,1.340037e2,-3.138496e2
4.296000e1,1.196953e2,-3.196817e2
4.300000e1,1.054695e2,-3.238010e2
4.304000e1,9.079967e1,-3.269684e2
4.308000e1,7.658952e1,-3.297404e2
4.312000e1,6.137395e1,-3.316063e2
4.316000e1,4.685013e1,-3.329868e2
4.320000e1,3.131951e1,-3.345122e2
4.324000e1,1.604473e1,-3.357124e2
4.328000e1,1.795356e0,-3.349591e2
4.332000e1,-1.464969e1,-3.350963e2
4.336000e1,-2.910206e1,-3.336393e2
4.340000e1,-4.362047e1,-3.316004e2
4.344000e1,-5.878747e1,-3.295836e2
4.348000e1,-7.329815e1,-3.269122e2
4.352000e1,-8.754258e1,-3.235510e2
4.356000e1,-1.015514e2,-3.195119e2
4.360000e1,-1.167694e2,-3.146708e2
4.364000e1,-1.312586e2,-3.083894e2
4.368000e1,-1.447266e2,-3.026413e2
4.372000e1,-1.577055e2,-2.951388e2
4.376000e1,-1.705636e2,-2.865549e2
4.380000e1,-1.830446e2,-2.796110e2
4.384000e1,-1.972402e2,-2.734267e2
4.388000e1,-2.094014e2,-2.640955e2
4.392000e1,-2.202913e2,-2.548947e2
4.396000e1,-2.310185e2,-2.458267e2
4.400000e1,-2.457264e2,-2.372658e2
4.404000e1,-2.560010e2,-2.266889e2
4.408000e1,-2.628631e2,-2.128020e2
4.412000e1,-2.736345e2,-2.022501e2
4.416000e1,-2.807568e2,-1.892517e2
4.420000e1,-2.893558e2,-1.765166e2
4.424000e1,-2.993575e2,-1.655453e2
4.428000e1,-3.073304e2,-1.516876e2
4.432000e1,-3.116069e2,-1.374387e2
4.436000e1,-3.151561e2,-1.239098e2
4.440000e1,-3.236406e2,-1.103913e2
4.444000e1,-3.252439e2,-9.589017e1
4.448000e1,-3.306460e2,-8.168383e1
4.452000e1,-3.338619e2,-6.946277e1
4.456000e1,-3.430737e2,-5.643549e1
4.460000e1,-3.430000e2,-4.000000e1
4.464000e1,-3.440382e2,-2.530389e1
4.468000e1,-3.447820e2,-1.091731e1
4.472000e1,-3.441108e2,3.740049e0
4.476000e1,-3.442418e2,1.938786e1
4.480000e1,-3.433031e2,3.333855e1
4.484000e1,-3.421097e2,4.711887e1
4.488000e1,-3.396487e2,6.258209e1
4.492000e1,-3.383998e2,7.640991e1
4.496000e1,-3.343824e2,9.204479e1
4.500000e1,-3.310750e2,1.065723e2
4.504000e1,-3.283409e2,1.216693e2
4.508000e1,-3.229030e2,1.355920e2
4.512000e1,-3.163544e2,1.489850e2
4.516000e1,-3.094909e2,1.624092e2
4.520000e1,-3.022871e2,1.761191e2
4.524000e1,-2.950380e2,1.883635e2
4.528000e1,-2.871712e2,2.027054e2
4.532000e1,-2.782424e2,2.149187e2
4.536000e1,-2.701925e2,2.287337e2
4.540000e1,-2.602198e2,2.388908e2
4.544000e1,-2.507605e2,2.501854e2
4.548000e1,-2.402556e2,2.603822e2
4.552000e1,-2.289605e2,2.707482e2
4.556000e1,-2.189867e2,2.805164e2
4.560000e1,-2.064973e2,2.911715e2
4.564000e1,-1.953538e2,2.986132e2
4.568000e1,-1.829024e2,3.073916e2
4.572000e1,-1.703031e2,3.124155e2
4.576000e1,-1.592534e2,3.210941e2
4.580000e1,-1.452702e2,3.261081e2
4.584000e1,-1.320529e2,3.346789e2
4.588000e1,-1.191701e2,3.402320e2
4.592000e1,-1.044590e2,3.425471e2
4.596000e1,-9.103992e1,3.499534e2
4.600000e1,-7.536734e1,3.514312e2
4.604000e1,-6.049268e1,3.555765e2
4.608000e1,-4.484953e1,3.583444e2
4.612000e1,-3.073935e1,3.613416e2
4.616000e1,-1.654106e1,3.625795e2
4.620000e1,-2.064730e0,3.643433e2
4.624000e1,1.209867e1,3.650974e2
4.628000e1,2.657489e1,3.643630e2
4.632000e1,4.176389e1,3.633330e2
4.636000e1,5.709845e1,3.608748e2
4.640000e1,7.177869e1,3.590535e2
4.644000e1,8.593935e1,3.564104e2
4.648000e1,1.008015e2,3.540222e2
4.652000e1,1.150949e2,3.496717e2
4.656000e1,1.296354e2,3.451392e2
4.660000e1,1.439538e2,3.392141e2
4.664000e1,1.580333e2,3.331434e2
4.668000e1,1.703353e2,3.267352e2
4.672000e1,1.857341e2,3.203701e2
4.676000e1,1.977710e2,3.143888e2
4.680000e1,2.126020e2,3.034527e2
4.684000e1,2.221612e2,2.923704e2
4.688000e1,2.340551e2,2.828836e2
4.692000e1,2.470477e2,2.704963e2
4.696000e1,2.584603e2,2.591889e2
4.700000e1,2.690121e2,2.463667e2
4.704000e1,2.791686e2,2.348424e2
4.708000e1,2.895297e2,2.211521e2
4.712000e1,2.993171e2,2.078837e2
4.716000e1,3.068580e2,1.952652e2
4.720000e1,3.150110e2,1.823354e2
4.724000e1,3.231860e2,1.688451e2
4.728000e1,3.288869e2,1.553916e2
4.732000e1,3.350713e2,1.413858e2
4.736000e1,3.398163e2,1.266946e2
4.740000e1,3.440374e2,1.123250e2
4.744000e1,3.477604e2,9.717241e1
4.748000e1,3.515834e2,8.172133e1
4.752000e1,3.546724e2,6.575570e1
4.756000e1,3.568177e2,5.010882e1
4.760000e1,3.579762e2,3.456087e1
4.764000e1,3.582983e2,1.920991e1
4.768000e1,3.589042e2,4.352541e0
4.772000e1,3.583535e2,-1.083936e1
4.776000e1,3.574160e2,-2.601529e1
4.780000e1,3.554212e2,-4.214977e1
4.784000e1,3.530779e2,-5.668265e1
4.788000e1,3.500758e2,-6.946604e1
4.792000e1,3.464335e2,-8.435674e1
4.796000e1,3.420077e2,-9.930020e1
4.800000e1,3.368559e2,-1.136163e2
4.804000e1,3.316805e2,-1.279344e2
4.808000e1,3.250163e2,-1.415186e2
4.812000e1,3.184057e2,-1.560403e2
4.816000e1,3.110956e2,-1.680963e2
4.820000e1,3.022860e2,-1.820738e2
4.824000e1,2.936068e2,-1.958903e2
4.828000e1,2.847567e2,-2.074095e2
4.832000e1,2.749341e2,-2.187937e2
4.836000e1,2.644233e2,-2.301326e2
4.840000e1,2.545342e2,-2.403500e2
4.844000e1,2.444968e2,-2.495154e2
4.848000e1,2.320289e2,-2.601566e2
4.852000e1,2.209361e2,-2.686825e2
4.856000e1,2.073932e2,-2.786044e2
4.860000e1,1.943938e2,-2.870459e2
4.864000e1,1.812783e2,-2.943724e2
4.868000e1,1.680897e2,-3.020814e2
4.872000e1,1.552859e2,-3.081899e2
4.876000e1,1.398906e2,-3.141173e2
4.880000e1,1.257004e2,-3.203453e2
4.884000e1,1.117246e2,-3.262796e2
4.888000e1,9.797140e1,-3.305883e2
4.892000e1,8.400096e1,-3.345868e2
4.896000e1,6.773226e1,-3.345419e2
4.900000e1,5.368661e1,-3.363576e2
4.904000e1,3.809323e1,-3.394973e2
4.908000e1,2.401715e1,-3.398961e2
4.912000e1,9.053134e0,-3.451632e2
4.916000e1,-6.424726e0,-3.444162e2
4.920000e1,-2.237478e1,-3.396798e2
4.924000e1,-3.729194e1,-3.415782e2
4.928000e1,-5.029490e1,-3.361933e2
4.932000e1,-6.553121e1,-3.344192e2
4.936000e1,-8.015601e1,-3.325996e2
4.940000e1,-9.510243e1,-3.266206e2
4.944000e1,-1.091907e2,-3.211035e2
4.948000e1,-1.238942e2,-3.142831e2
4.952000e1,-1.370904e2,-3.109103e2
4.956000e1,-1.510195e2,-3.025835e2
4.960000e1,-1.648128e2,-2.967186e2
4.964000e1,-1.772577e2,-2.899653e2
4.968000e1,-1.896453e2,-2.812990e2
4.972000e1,-2.010719e2,-2.716332e2
4.976000e1,-2.128741e2,-2.633404e2
4.980000e1,-2.235333e2,-2.534729e2
4.984000e1,-2.339453e2,-2.432824e2
4.988000e1,-2.484239e2,-2.365160e2
4.992000e1,-2.554685e2,-2.207456e2
4.996000e1,-2.641164e2,-2.100896e2
5.000000e1,-2.738420e2,-2.001760e2
5.004000e1,-2.809384e2,-1.860288e2
5.008000e1,-2.937253e2,-1.760904e2
5.012000e1,-3.027083e2,-1.641289e2
5.016000e1,-3.109398e2,-1.524358e2
5.020000e1,-3.163508e2,-1.383259e2
5.024000e1,-3.224844e2,-1.257380e2
5.028000e1,-3.284666e2,-1.118263e2
5.032000e1,-3.336815e2,-9.689453e1
5.036000e1,-3.390827e2,-8.456853e1
5.040000e1,-3.396748e2,-6.759892e1
5.044000e1,-3.450832e2,-5.471421e1
5.048000e1,-3.461141e2,-3.985006e1
5.052000e1,-3.493190e2,-2.525891e1
5.056000e1,-3.518484e2,-9.450638e0
5.060000e1,-3.518831e2,6.644324e0
5.064000e1,-3.510564e2,2.062654e1
5.068000e1,-3.521313e2,3.531235e1
5.072000e1,-3.482660e2,5.112558e1
5.076000e1,-3.491111e2,6.527373e1
5.080000e1,-3.470045e2,8.138129e1
5.084000e1,-3.437834e2,9.764920e1
5.088000e1,-3.389903e2,1.118366e2
5.092000e1,-3.353717e2,1.272090e2
5.096000e1,-3.315176e2,1.419229e2
5.100000e1,-3.267404e2,1.547480e2
5.104000e1,-3.210675e2,1.692635e2
5.108000e1,-3.123170e2,1.832989e2
5.112000e1,-3.052581e2,1.965673e2
5.116000e1,-2.979004e2,2.105363e2
5.120000e1,-2.885841e2,2.225145e2
5.124000e1,-2.805746e2,2.347074e2
5.128000e1,-2.680342e2,2.470009e2
5.132000e1,-2.591346e2,2.578823e2
5.136000e1,-2.477815e2,2.690950e2
5.140000e1,-2.369037e2,2.788742e2
5.144000e1,-2.242667e2,2.894972e2
5.148000e1,-2.123407e2,2.975480e2
5.152000e1,-1.995829e2,3.062552e2
5.156000e1,-1.872019e2,3.150960e2
5.160000e1,-1.755370e2,3.231496e2
5.164000e1,-1.617968e2,3.302615e2
5.168000e1,-1.489116e2,3.357872e2
5.172000e1,-1.346152e2,3.423524e2
5.176000e1,-1.206541e2,3.476958e2
5.180000e1,-1.069826e2,3.527897e2
5.184000e1,-9.252957e1,3.565569e2
5.188000e1,-7.691967e1,3.590744e2
5.192000e1,-6.284506e1,3.654635e2
5.196000e1,-4.778401e1,3.665511e2
5.200000e1,-3.278511e1,3.693637e2
5.204000e1,-1.825936e1,3.691460e2
5.208000e1,-2.698420e0,3.696253e2
5.212000e1,1.137404e1,3.703529e2
5.216000e1,2.631950e1,3.696167e2
5.220000e1,4.107129e1,3.685041e2
5.224000e1,5.668842e1,3.663250e2
5.228000e1,7.197443e1,3.660959e2
5.232000e1,8.632186e1,3.637592e2
5.236000e1,1.008523e2,3.603888e2
5.240000e1,1.146390e2,3.554688e2
5.244000e1,1.301600e2,3.513145e2
5.248000e1,1.445618e2,3.459624e2
5.252000e1,1.586024e2,3.411078e2
5.256000e1,1.721946e2,3.358188e2
5.260000e1,1.863048e2,3.278264e2
5.264000e1,1.988475e2,3.207897e2
5.268000e1,2.112707e2,3.109617e2
5.272000e1,2.234319e2,3.034579e2
5.276000e1,2.363014e2,2.947590e2
5.280000e1,2.475871e2,2.706070e2
5.284000e1,2.587696e2,2.587544e2
5.288000e1,2.693463e2,2.464690e2
5.292000e1,2.795920e2,2.339854e2
5.296000e1,2.896863e2,2.207943e2
5.300000e1,2.989449e2,2.079612e2
5.304000e1,3.070132e2,1.955495e2
5.308000e1,3.152233e2,1.826647e2
5.312000e1,3.229908e2,1.691605e2
5.316000e1,3.295229e2,1.559571e2
5.320000e1,3.350936e2,1.418556e2
5.324000e1,3.401528e2,1.273788e2
5.328000e1,3.441861e2,1.126908e2
5.332000e1,3.481449e2,9.766791e1
5.336000e1,3.519321e2,8.212895e1
5.340000e1,3.549814e2,6.626265e1
5.344000e1,3.569768e2,5.087322e1
5.348000e1,3.579999e2,3.558234e1
5.352000e1,3.585940e2,2.018067e1
5.356000e1,3.588312e2,4.889466e0
5.360000e1,3.586615e2,-1.002776e1
5.364000e1,3.578393e2,-2.479067e1
5.368000e1,3.558693e2,-4.036060e1
5.372000e1,3.534018e2,-5.546909e1
5.376000e1,3.504856e2,-7.028347e1
5.380000e1,3.468513e2,-8.435850e1
5.384000e1,3.427800e2,-9.783354e1
5.388000e1,3.376996e2,-1.132349e2
5.392000e1,3.322886e2,-1.266833e2
5.396000e1,3.254638e2,-1.423800e2
5.400000e1,3.189699e2,-1.559750e2
5.404000e1,3.113258e2,-1.685489e2
5.408000e1,3.038014e2,-1.809373e2
5.412000e1,2.948133e2,-1.939988e2
5.416000e1,2.855966e2,-2.061167e2
5.420000e1,2.760149e2,-2.180869e2
5.424000e1,2.659316e2,-2.289555e2
5.428000e1,2.558492e2,-2.385969e2
5.432000e1,2.449312e2,-2.492019e2
5.436000e1,2.336766e2,-2.582588e2
5.440000e1,2.224658e2,-2.669754e2
5.444000e1,2.095199e2,-2.768174e2
5.448000e1,1.963818e2,-2.852682e2
5.452000e1,1.836090e2,-2.937505e2
5.456000e1,1.700696e2,-3.009819e2
5.460000e1,1.571030e2,-3.063415e2
5.464000e1,1.437730e2,-3.126200e2
5.468000e1,1.286913e2,-3.186731e2
5.472000e1,1.142817e2,-3.241029e2
5.476000e1,1.027187e2,-3.324223e2
5.480000e1,8.625837e1,-3.324073e2
5.484000e1,7.252406e1,-3.352735e2
5.488000e1,5.811361e1,-3.370549e2
5.492000e1,4.244928e1,-3.396246e2
5.496000e1,2.768517e1,-3.421314e2
5.500000e1,1.243423e1,-3.444772e2
5.504000e1,-1.791064e0,-3.428454e2
5.508000e1,-1.818111e1,-3.431422e2
5.512000e1,-3.352363e1,-3.412054e2
5.516000e1,-4.655966e1,-3.406286e2
5.520000e1,-6.102637e1,-3.355836e2
5.524000e1,-7.642942e1,-3.346041e2
5.528000e1,-9.106258e1,-3.290361e2
5.532000e1,-1.051559e2,-3.241011e2
5.536000e1,-1.206594e2,-3.209563e2
5.540000e1,-1.344464e2,-3.145983e2
5.544000e1,-1.472437e2,-3.077557e2
5.548000e1,-1.601841e2,-3.010270e2
5.552000e1,-1.742044e2,-2.949275e2
5.556000e1,-1.862186e2,-2.859358e2
5.560000e1,-1.983135e2,-2.778497e2
5.564000e1,-2.076833e2,-2.669932e2
5.568000e1,-2.208643e2,-2.595211e2
5.572000e1,-2.303680e2,-2.482363e2
5.576000e1,-2.428891e2,-2.386348e2
5.580000e1,-2.538113e2,-2.294750e2
5.584000e1,-2.597022e2,-2.154465e2
5.588000e1,-2.730318e2,-2.069313e2
5.592000e1,-2.813873e2,-1.949705e2
5.596000e1,-2.904472e2,-1.830942e2
5.600000e1,-2.974439e2,-1.696049e2
5.604000e1,-3.066833e2,-1.592886e2
5.608000e1,-3.135672e2,-1.446070e2
5.612000e1,-3.192272e2,-1.310852e2
5.616000e1,-3.242091e2,-1.163861e2
5.620000e1,-3.306851e2,-1.044052e2
5.624000e1,-3.357749e2,-9.029178e1
5.628000e1,-3.388660e2,-7.577871e1
5.632000e1,-3.405199e2,-6.111055e1
5.636000e1,-3.442314e2,-4.563429e1
5.640000e1,-3.471859e2,-3.167318e1
5.644000e1,-3.494988e2,-1.754181e1
5.648000e1,-3.505915e2,-1.410392e0
5.652000e1,-3.508829e2,1.256126e1
5.656000e1,-3.499175e2,2.887200e1
5.660000e1,-3.476852e2,4.290608e1
5.664000e1,-3.475223e2,5.824902e1
5.668000e1,-3.459181e2,7.236438e1
5.672000e1,-3.424300e2,8.821061e1
5.676000e1,-3.406120e2,1.030902e2
5.680000e1,-3.371886e2,1.172054e2
5.684000e1,-3.324500e2,1.324659e2
5.688000e1,-3.239109e2,1.505941e2
5.692000e1,-3.177709e2,1.645136e2
5.696000e1,-3.121551e2,1.793581e2
5.700000e1,-3.041651e2,1.932673e2
5.704000e1,-2.957947e2,2.051953e2
5.708000e1,-2.894508e2,2.181746e2
5.712000e1,-2.795255e2,2.315047e2
5.716000e1,-2.693533e2,2.413355e2
5.720000e1,-2.592982e2,2.525049e2
5.724000e1,-2.497485e2,2.648676e2
5.728000e1,-2.391141e2,2.745766e2
5.732000e1,-2.292671e2,2.850229e2
5.736000e1,-2.183536e2,2.929712e2
5.740000e1,-2.046996e2,3.007481e2
5.744000e1,-1.932084e2,3.105126e2
5.748000e1,-1.808896e2,3.186294e2
5.752000e1,-1.701911e2,3.255638e2
5.756000e1,-1.577273e2,3.325035e2
5.760000e1,-1.437651e2,3.370010e2
5.764000e1,-1.312104e2,3.441962e2
5.768000e1,-1.170561e2,3.495662e2
5.772000e1,-1.036130e2,3.532882e2
5.776000e1,-8.888206e1,3.576308e2
5.780000e1,-7.424131e1,3.617847e2
5.784000e1,-6.040100e1,3.649547e2
5.788000e1,-4.658194e1,3.675668e2
5.792000e1,-3.076122e1,3.699368e2
5.796000e1,-1.623680e1,3.710602e2
5.800000e1,-2.297723e0,3.708908e2
5.804000e1,1.172564e1,3.705628e2
5.808000e1,2.578591e1,3.707379e2
5.812000e1,4.178051e1,3.689718e2
5.816000e1,5.668320e1,3.673576e2
5.820000e1,7.125464e1,3.649547e2
5.824000e1,8.535057e1,3.619193e2
5.828000e1,9.910659e1,3.587977e2
5.832000e1,1.139322e2,3.545462e2
5.836000e1,1.284276e2,3.494034e2
5.840000e1,1.427523e2,3.436674e2
5.844000e1,1.569437e2,3.390657e2
5.848000e1,1.706452e2,3.320939e2
5.852000e1,1.838200e2,3.250581e2
5.856000e1,1.962794e2,3.156522e2
5.860000e1,2.095714e2,3.075950e2
5.864000e1,2.202693e2,2.992596e2
5.868000e1,2.327199e2,2.888706e2
5.872000e1,2.448021e2,2.772941e2
5.876000e1,2.559249e2,2.650162e2
5.880000e1,2.660077e2,2.527175e2
5.884000e1,2.765111e2,2.402953e2
5.888000e1,2.861853e2,2.269956e2
5.892000e1,2.957265e2,2.140899e2
5.896000e1,3.035396e2,2.016880e2
5.900000e1,3.116861e2,1.893022e2
5.904000e1,3.191449e2,1.755367e2
5.908000e1,3.257511e2,1.626132e2
5.912000e1,3.313164e2,1.486820e2
5.916000e1,3.361582e2,1.340223e2
5.920000e1,3.402463e2,1.198273e2
5.924000e1,3.438914e2,1.048092e2
5.928000e1,3.479128e2,8.948564e1
5.932000e1,3.510201e2,7.393635e1
5.936000e1,3.529742e2,5.761941e1
5.940000e1,3.541119e2,4.276743e1
5.944000e1,3.547924e2,2.715283e1
5.948000e1,3.550013e2,1.244860e1
5.952000e1,3.550810e2,-2.544970e0
5.956000e1,3.544021e2,-1.752375e1
5.960000e1,3.528842e2,-3.259736e1
5.964000e1,3.510208e2,-4.708921e1
5.968000e1,3.486447e2,-6.111913e1
5.972000e1,3.445956e2,-7.525011e1
5.976000e1,3.410318e2,-9.025695e1
5.980000e1,3.363564e2,-1.040456e2
5.984000e1,3.304135e2,-1.181695e2
5.988000e1,3.236385e2,-1.325368e2
5.992000e1,3.167883e2,-1.458882e2
5.996000e1,3.094465e2,-1.587736e2
6.000000e1,3.014270e2,-1.719399e2
6.004000e1,2.927011e2,-1.848328e2
6.008000e1,2.833967e2,-1.968989e2
6.012000e1,2.734570e2,-2.093190e2
6.016000e1,2.644473e2,-2.199096e2
6.020000e1,2.541913e2,-2.299109e2
6.024000e1,2.437083e2,-2.392563e2
6.028000e1,2.325742e2,-2.488692e2
6.032000e1,2.206804e2,-2.578532e2
6.036000e1,2.084045e2,-2.668668e2
6.040000e1,1.957239e2,-2.770292e2
6.044000e1,1.829889e2,-2.846176e2
6.048000e1,1.699617e2,-2.910280e2
6.052000e1,1.565469e2,-2.974193e2
6.056000e1,1.431177e2,-3.038678e2
6.060000e1,1.289409e2,-3.092827e2
6.064000e1,1.145839e2,-3.145611e2
6.068000e1,1.005062e2,-3.187575e2
6.072000e1,8.620175e1,-3.217579e2
6.076000e1,7.174725e1,-3.245648e2
6.080000e1,5.779678e1,-3.269510e2
6.084000e1,4.323600e1,-3.288923e2
6.088000e1,2.856617e1,-3.305705e2
6.092000e1,1.422647e1,-3.305833e2
6.096000e1,-1.231686e0,-3.302046e2
6.100000e1,-1.606264e1,-3.299381e2
6.104000e1,-3.109450e1,-3.293445e2
6.108000e1,-4.441160e1,-3.275164e2
6.112000e1,-5.949084e1,-3.254241e2
6.116000e1,-7.407763e1,-3.228965e2
6.120000e1,-8.783354e1,-3.197244e2
6.124000e1,-1.025320e2,-3.155353e2
6.128000e1,-1.167504e2,-3.111914e2
6.132000e1,-1.299638e2,-3.048223e2
6.136000e1,-1.425073e2,-2.996787e2
6.140000e1,-1.563395e2,-2.919033e2
6.144000e1,-1.695206e2,-2.836142e2
6.148000e1,-1.819910e2,-2.771807e2
6.152000e1,-1.939920e2,-2.687550e2
6.156000e1,-2.058030e2,-2.611210e2
6.160000e1,-2.176391e2,-2.524543e2
6.164000e1,-2.287640e2,-2.431802e2
6.168000e1,-2.393390e2,-2.337577e2
6.172000e1,-2.488641e2,-2.219934e2
6.176000e1,-2.589115e2,-2.113461e2
6.180000e1,-2.681931e2,-2.010828e2
6.184000e1,-2.763491e2,-1.897487e2
6.188000e1,-2.843573e2,-1.775627e2
6.192000e1,-2.955000e2,-1.710000e2
6.196000e1,-3.042609e2,-1.586930e2
6.200000e1,-3.107831e2,-1.464125e2
6.204000e1,-3.173067e2,-1.334223e2
6.208000e1,-3.232228e2,-1.193216e2
6.212000e1,-3.266221e2,-1.041934e2
6.216000e1,-3.312177e2,-9.062933e1
6.220000e1,-3.366746e2,-7.868128e1
6.224000e1,-3.400854e2,-6.386151e1
6.228000e1,-3.435323e2,-4.917382e1
6.232000e1,-3.469363e2,-3.533806e1
6.236000e1,-3.483093e2,-1.823239e1
6.240000e1,-3.508418e2,-6.286295e0
6.244000e1,-3.491588e2,9.821721e0
6.248000e1,-3.512396e2,2.722284e1
6.252000e1,-3.507652e2,3.982090e1
6.256000e1,-3.495190e2,5.438780e1
6.260000e1,-3.463153e2,6.885908e1
6.264000e1,-3.447516e2,8.482476e1
6.268000e1,-3.408269e2,9.829526e1
6.272000e1,-3.383054e2,1.111978e2
6.276000e1,-3.341408e2,1.285062e2
6.280000e1,-3.275999e2,1.466918e2
6.284000e1,-3.226576e2,1.604945e2
6.288000e1,-3.157180e2,1.745895e2
6.292000e1,-3.105128e2,1.851687e2
6.296000e1,-3.028945e2,2.001767e2
6.300000e1,-2.916935e2,2.144440e2
6.304000e1,-2.828445e2,2.294639e2
6.308000e1,-2.756641e2,2.392819e2
6.312000e1,-2.637305e2,2.526781e2
6.316000e1,-2.531756e2,2.635006e2
6.320000e1,-2.432635e2,2.727353e2
6.324000e1,-2.334303e2,2.802120e2
6.328000e1,-2.214383e2,2.919366e2
6.332000e1,-2.084621e2,3.007233e2
6.336000e1,-1.969172e2,3.089516e2
6.340000e1,-1.864734e2,3.157347e2
6.344000e1,-1.745895e2,3.226837e2
6.348000e1,-1.633787e2,3.294243e2
6.352000e1,-1.508945e2,3.360113e2
6.356000e1,-1.367918e2,3.419571e2
6.360000e1,-1.236545e2,3.477420e2
6.364000e1,-1.095108e2,3.523799e2
6.368000e1,-9.639148e1,3.565801e2
6.372000e1,-8.194493e1,3.615472e2
6.376000e1,-6.683059e1,3.651899e2
6.380000e1,-5.198521e1,3.687896e2
6.384000e1,-3.736821e1,3.694708e2
6.388000e1,-2.381012e1,3.701062e2
6.392000e1,-8.718723e0,3.733941e2
6.396000e1,5.254099e0,3.718020e2
6.400000e1,2.058404e1,3.726750e2
6.404000e1,3.557393e1,3.728011e2
6.408000e1,4.940318e1,3.724429e2
6.412000e1,6.505853e1,3.696105e2
6.416000e1,7.974829e1,3.697970e2
6.420000e1,9.341045e1,3.651215e2
6.424000e1,1.083941e2,3.608402e2
6.428000e1,1.225054e2,3.581329e2
6.432000e1,1.374030e2,3.524346e2
6.436000e1,1.513681e2,3.474478e2
6.440000e1,1.642388e2,3.414048e2
6.444000e1,1.788709e2,3.357569e2
6.448000e1,1.916552e2,3.295186e2
6.452000e1,2.044956e2,3.226423e2
6.456000e1,2.167689e2,3.130251e2
6.460000e1,2.274074e2,3.053640e2
6.464000e1,2.402141e2,2.957349e2
6.468000e1,2.510691e2,2.700767e2
6.472000e1,2.608631e2,2.589953e2
6.476000e1,2.711353e2,2.466205e2
6.480000e1,2.813773e2,2.346886e2
6.484000e1,2.917754e2,2.212344e2
6.488000e1,3.006563e2,2.085843e2
6.492000e1,3.085062e2,1.965561e2
6.496000e1,3.165718e2,1.832125e2
6.500000e1,3.235396e2,1.704622e2
6.504000e1,3.299766e2,1.572728e2
6.508000e1,3.350766e2,1.431045e2
6.512000e1,3.399921e2,1.290770e2
6.516000e1,3.442793e2,1.143983e2
6.520000e1,3.479815e2,9.943816e1
6.524000e1,3.514623e2,8.391354e1
6.528000e1,3.545218e2,6.869522e1
6.532000e1,3.563413e2,5.367182e1
6.536000e1,3.575852e2,3.814723e1
6.540000e1,3.582272e2,2.282116e1
6.544000e1,3.582452e2,7.825082e0
6.548000e1,3.585818e2,-6.622387e0
6.552000e1,3.577575e2,-2.148455e1
6.556000e1,3.556620e2,-3.645135e1
6.560000e1,3.536535e2,-5.008147e1
6.564000e1,3.497061e2,-6.718431e1
6.568000e1,3.457749e2,-8.271080e1
6.572000e1,3.425396e2,-9.335866e1
6.576000e1,3.374112e2,-1.076651e2
6.580000e1,3.316441e2,-1.225520e2
6.584000e1,3.258918e2,-1.367426e2
6.588000e1,3.197337e2,-1.504815e2
6.592000e1,3.115483e2,-1.628772e2
6.596000e1,3.032510e2,-1.756604e2
6.600000e1,2.937730e2,-1.910071e2
6.604000e1,2.863346e2,-2.008733e2
6.608000e1,2.772097e2,-2.122444e2
6.612000e1,2.673803e2,-2.234036e2
6.616000e1,2.572735e2,-2.332720e2
6.620000e1,2.466557e2,-2.432671e2
6.624000e1,2.349583e2,-2.532051e2
6.628000e1,2.244790e2,-2.613802e2
6.632000e1,2.124491e2,-2.714030e2
6.636000e1,1.993629e2,-2.794952e2
6.640000e1,1.868778e2,-2.872219e2
6.644000e1,1.735923e2,-2.941902e2
6.648000e1,1.608966e2,-3.005166e2
6.652000e1,1.473175e2,-3.064278e2
6.656000e1,1.329812e2,-3.138654e2
6.660000e1,1.185828e2,-3.172178e2
6.664000e1,1.047938e2,-3.214002e2
6.668000e1,8.986770e1,-3.256326e2
6.672000e1,7.583708e1,-3.286956e2
6.676000e1,6.206970e1,-3.302866e2
6.680000e1,4.744891e1,-3.331573e2
6.684000e1,3.224286e1,-3.334291e2
6.688000e1,1.833385e1,-3.360712e2
6.692000e1,2.829578e0,-3.352967e2
6.696000e1,-1.162545e1,-3.347769e2
6.700000e1,-2.646307e1,-3.333370e2
6.704000e1,-4.093371e1,-3.326135e2
6.708000e1,-5.570659e1,-3.349637e2
6.712000e1,-6.920901e1,-3.287674e2
6.716000e1,-8.478355e1,-3.286974e2
6.720000e1,-9.940496e1,-3.240750e2
6.724000e1,-1.132114e2,-3.192552e2
6.728000e1,-1.265846e2,-3.102762e2
6.732000e1,-1.387200e2,-3.060797e2
6.736000e1,-1.541467e2,-2.993766e2
6.740000e1,-1.656007e2,-2.920243e2
6.744000e1,-1.783724e2,-2.847447e2
6.748000e1,-1.924505e2,-2.779531e2
6.752000e1,-2.027716e2,-2.676942e2
6.756000e1,-2.144097e2,-2.590001e2
6.760000e1,-2.264836e2,-2.530236e2
6.764000e1,-2.376169e2,-2.425632e2
6.768000e1,-2.466505e2,-2.297941e2
6.772000e1,-2.564506e2,-2.199426e2
6.776000e1,-2.642889e2,-2.073140e2
6.780000e1,-2.724291e2,-1.954037e2
6.784000e1,-2.835233e2,-1.850877e2
6.788000e1,-2.892257e2,-1.724213e2
6.792000e1,-2.981497e2,-1.604201e2
6.796000e1,-3.071431e2,-1.482726e2
6.800000e1,-3.114794e2,-1.340781e2
6.804000e1,-3.161888e2,-1.204550e2
6.808000e1,-3.270117e2,-1.097743e2
6.812000e1,-3.308234e2,-9.560388e1
6.816000e1,-3.343445e2,-8.031954e1
6.820000e1,-3.397880e2,-6.795356e1
6.824000e1,-3.426016e2,-5.258781e1
6.828000e1,-3.446277e2,-3.873335e1
6.832000e1,-3.472619e2,-2.492345e1
6.836000e1,-3.494746e2,-1.082762e1
6.840000e1,-3.505912e2,4.958554e0
6.844000e1,-3.500425e2,2.237038e1
6.848000e1,-3.498926e2,3.439460e1
6.852000e1,-3.487626e2,4.966615e1
6.856000e1,-3.476847e2,6.246347e1
6.860000e1,-3.456579e2,7.734031e1
6.864000e1,-3.437411e2,9.583795e1
6.868000e1,-3.399581e2,1.075996e2
6.872000e1,-3.362030e2,1.214106e2
6.876000e1,-3.319555e2,1.348656e2
6.880000e1,-3.263795e2,1.500299e2
6.884000e1,-3.216083e2,1.637364e2
6.888000e1,-3.128808e2,1.814008e2
6.892000e1,-3.068195e2,1.929496e2
6.896000e1,-2.985539e2,2.072974e2
6.900000e1,-2.908767e2,2.179823e2
6.904000e1,-2.808712e2,2.320620e2
6.908000e1,-2.727806e2,2.430625e2
6.912000e1,-2.627490e2,2.542502e2
6.916000e1,-2.504688e2,2.648830e2
6.920000e1,-2.405728e2,2.760889e2
6.924000e1,-2.304185e2,2.857712e2
6.928000e1,-2.156341e2,2.970511e2
6.932000e1,-2.053143e2,3.050599e2
6.936000e1,-1.933810e2,3.123223e2
6.940000e1,-1.808280e2,3.181299e2
6.944000e1,-1.695591e2,3.262543e2
6.948000e1,-1.577204e2,3.319133e2
6.952000e1,-1.448494e2,3.387372e2
6.956000e1,-1.308054e2,3.445067e2
6.960000e1,-1.175021e2,3.498473e2
6.964000e1,-1.040438e2,3.552495e2
6.968000e1,-9.038722e1,3.591780e2
6.972000e1,-7.523705e1,3.633944e2
6.976000e1,-6.159359e1,3.654943e2
6.980000e1,-4.676909e1,3.686435e2
6.984000e1,-3.209131e1,3.702017e2
6.988000e1,-1.861059e1,3.706360e2
6.992000e1,-3.962222e0,3.718996e2
6.996000e1,1.099980e1,3.729354e2
7.000000e1,2.415108e1,3.734212e2
7.004000e1,4.007892e1,3.731334e2
7.008000e1,5.408981e1,3.694767e2
7.012000e1,6.990515e1,3.680075e2
7.016000e1,8.431867e1,3.671285e2
7.020000e1,9.751022e1,3.638173e2
7.024000e1,1.124206e2,3.601152e2
7.028000e1,1.282305e2,3.586280e2
7.032000e1,1.416494e2,3.527475e2
7.036000e1,1.554720e2,3.459903e2
7.040000e1,1.701182e2,3.410836e2
7.044000e1,1.833843e2,3.346150e2
7.048000e1,1.960486e2,3.277922e2
7.052000e1,2.078697e2,3.197006e2
7.056000e1,2.200903e2,3.117136e2
7.060000e1,2.299597e2,3.053650e2
7.064000e1,2.417938e2,2.939156e2
7.068000e1,2.534498e2,2.679656e2
7.072000e1,2.631097e2,2.567066e2
7.076000e1,2.740731e2,2.438293e2
7.080000e1,2.846371e2,2.310833e2
7.084000e1,2.938037e2,2.186819e2
7.088000e1,3.024481e2,2.059448e2
7.092000e1,3.103415e2,1.935752e2
7.096000e1,3.185365e2,1.805233e2
7.100000e1,3.256697e2,1.677488e2
7.104000e1,3.312930e2,1.542915e2
7.108000e1,3.361580e2,1.411124e2
7.112000e1,3.412370e2,1.262648e2
7.116000e1,3.451985e2,1.119599e2
7.120000e1,3.488955e2,9.689435e1
7.124000e1,3.526206e2,8.147333e1
7.128000e1,3.551636e2,6.591029e1
7.132000e1,3.569149e2,5.095292e1
7.136000e1,3.580162e2,3.552679e1
7.140000e1,3.586137e2,2.036588e1
7.144000e1,3.587597e2,5.805475e0
7.148000e1,3.586000e2,-8.317188e0
7.152000e1,3.572399e2,-2.270864e1
7.156000e1,3.556226e2,-3.786584e1
7.160000e1,3.532647e2,-5.381841e1
7.164000e1,3.498919e2,-6.840259e1
7.168000e1,3.466706e2,-8.142492e1
7.172000e1,3.422312e2,-9.587451e1
7.176000e1,3.374750e2,-1.097131e2
7.180000e1,3.316459e2,-1.235793e2
7.184000e1,3.256942e2,-1.364601e2
7.188000e1,3.193293e2,-1.495511e2
7.192000e1,3.113380e2,-1.639209e2
7.196000e1,3.038580e2,-1.762984e2
7.200000e1,2.946315e2,-1.889210e2
7.204000e1,2.864505e2,-2.003075e2
7.208000e1,2.767075e2,-2.115661e2
7.212000e1,2.677121e2,-2.223207e2
7.216000e1,2.569534e2,-2.341361e2
7.220000e1,2.465844e2,-2.429800e2
7.224000e1,2.355574e2,-2.516597e2
7.228000e1,2.243523e2,-2.616106e2
7.232000e1,2.124962e2,-2.701196e2
7.236000e1,1.999142e2,-2.777095e2
7.240000e1,1.867532e2,-2.861161e2
7.244000e1,1.738668e2,-2.937031e2
7.248000e1,1.612432e2,-2.991885e2
7.252000e1,1.475508e2,-3.054243e2
7.256000e1,1.335988e2,-3.113140e2
7.260000e1,1.206541e2,-3.186336e2
7.264000e1,1.063489e2,-3.234299e2
7.268000e1,9.232027e1,-3.277532e2
7.272000e1,7.715135e1,-3.281403e2
7.276000e1,6.382501e1,-3.326347e2
7.280000e1,5.010350e1,-3.372369e2
7.284000e1,3.446889e1,-3.353476e2
7.288000e1,2.018411e1,-3.386342e2
7.292000e1,5.528229e0,-3.386605e2
7.296000e1,-1.006150e1,-3.352239e2
7.300000e1,-2.469412e1,-3.375662e2
7.304000e1,-3.903596e1,-3.351841e2
7.308000e1,-5.508550e1,-3.341997e2
7.312000e1,-6.937622e1,-3.302680e2
7.316000e1,-8.332316e1,-3.286158e2
7.320000e1,-9.643167e1,-3.231362e2
7.324000e1,-1.107697e2,-3.188117e2
7.328000e1,-1.238216e2,-3.121698e2
7.332000e1,-1.391521e2,-3.091610e2
7.336000e1,-1.494531e2,-2.993154e2
7.340000e1,-1.635499e2,-2.919541e2
7.344000e1,-1.765367e2,-2.857514e2
7.348000e1,-1.888985e2,-2.796031e2
7.352000e1,-1.995113e2,-2.689305e2
7.356000e1,-2.117915e2,-2.596749e2
7.360000e1,-2.231046e2,-2.541012e2
7.364000e1,-2.326407e2,-2.401598e2
7.368000e1,-2.436617e2,-2.306390e2
7.372000e1,-2.556965e2,-2.225811e2
7.376000e1,-2.675051e2,-2.126850e2
7.380000e1,-2.746171e2,-2.003571e2
7.384000e1,-2.827092e2,-1.897310e2
7.388000e1,-2.911909e2,-1.764994e2
7.392000e1,-2.979773e2,-1.654234e2
7.396000e1,-3.035728e2,-1.502227e2
7.400000e1,-3.113858e2,-1.399901e2
7.404000e1,-3.176746e2,-1.259536e2
7.408000e1,-3.193190e2,-1.090515e2
7.412000e1,-3.281964e2,-9.931856e1
7.416000e1,-3.337978e2,-8.470452e1
7.420000e1,-3.373587e2,-7.124642e1
7.424000e1,-3.379168e2,-5.699775e1
7.428000e1,-3.422255e2,-4.174407e1
7.432000e1,-3.434290e2,-2.638535e1
7.436000e1,-3.444748e2,-1.248693e1
7.440000e1,-3.447405e2,1.072156e0
7.444000e1,-3.447401e2,1.571250e1
7.448000e1,-3.447448e2,3.134257e1
7.452000e1,-3.453032e2,4.482197e1
7.456000e1,-3.415500e2,5.916765e1
7.460000e1,-3.402309e2,7.400282e1
7.464000e1,-3.374221e2,8.841330e1
7.468000e1,-3.338725e2,1.021430e2
7.472000e1,-3.293348e2,1.164382e2
7.476000e1,-3.262660e2,1.310839e2
7.480000e1,-3.209433e2,1.446955e2
7.484000e1,-3.147978e2,1.590742e2
7.488000e1,-3.079019e2,1.726905e2
7.492000e1,-3.009129e2,1.847347e2
7.496000e1,-2.951641e2,2.014211e2
7.500000e1,-2.870548e2,2.132034e2
7.504000e1,-2.775644e2,2.234330e2
7.508000e1,-2.696791e2,2.365230e2
7.512000e1,-2.594763e2,2.473554e2
7.516000e1,-2.498244e2,2.563706e2
7.520000e1,-2.406727e2,2.688980e2
7.524000e1,-2.303239e2,2.779974e2
7.528000e1,-2.195086e2,2.872380e2
7.532000e1,-2.083673e2,2.967571e2
7.536000e1,-1.967113e2,3.067528e2
7.540000e1,-1.875043e2,3.146405e2
7.544000e1,-1.738678e2,3.195900e2
7.548000e1,-1.618121e2,3.267631e2
7.552000e1,-1.496833e2,3.341801e2
7.556000e1,-1.356890e2,3.393064e2
7.560000e1,-1.221880e2,3.443687e2
7.564000e1,-1.097483e2,3.501965e2
7.568000e1,-9.571870e1,3.544451e2
7.572000e1,-8.158841e1,3.578561e2
7.576000e1,-6.690080e1,3.621936e2
7.580000e1,-5.339719e1,3.663897e2
7.584000e1,-3.814412e1,3.676266e2
7.588000e1,-2.392491e1,3.681794e2
7.592000e1,-9.586044e0,3.708667e2
7.596000e1,3.864158e0,3.692971e2
7.600000e1,1.808358e1,3.710376e2
7.604000e1,3.213641e1,3.723474e2
7.608000e1,4.702272e1,3.702068e2
7.612000e1,6.174072e1,3.681697e2
7.616000e1,7.627395e1,3.659721e2
7.620000e1,9.004483e1,3.644350e2
7.624000e1,1.047617e2,3.607269e2
7.628000e1,1.184317e2,3.572175e2
7.632000e1,1.332544e2,3.523132e2
7.636000e1,1.474544e2,3.465069e2
7.640000e1,1.602109e2,3.424190e2
7.644000e1,1.741309e2,3.363587e2
7.648000e1,1.873702e2,3.301381e2
7.652000e1,2.002233e2,3.215827e2
7.656000e1,2.124644e2,3.141011e2
7.660000e1,2.243716e2,3.043344e2
7.664000e1,2.355584e2,2.922053e2
7.668000e1,2.458526e2,2.770580e2
7.672000e1,2.564533e2,2.662868e2
7.676000e1,2.668176e2,2.551086e2
7.680000e1,2.775250e2,2.423995e2
7.684000e1,2.868032e2,2.300208e2
7.688000e1,2.966861e2,2.169888e2
7.692000e1,3.047434e2,2.046725e2
7.696000e1,3.126467e2,1.922249e2
7.700000e1,3.197217e2,1.793477e2
7.704000e1,3.263550e2,1.660327e2
7.708000e1,3.319616e2,1.532048e2
7.712000e1,3.376453e2,1.389766e2
7.716000e1,3.417467e2,1.249027e2
7.720000e1,3.456170e2,1.111955e2
7.724000e1,3.495523e2,9.554807e1
7.728000e1,3.524709e2,8.064877e1
7.732000e1,3.554869e2,6.506623e1
7.736000e1,3.572301e2,4.998305e1
7.740000e1,3.580867e2,3.478769e1
7.744000e1,3.588553e2,1.998133e1
7.748000e1,3.589379e2,4.949497e0
7.752000e1,3.580895e2,-8.944897e0
7.756000e1,3.567999e2,-2.383042e1
7.760000e1,3.549422e2,-3.948386e1
7.764000e1,3.527228e2,-5.272619e1
7.768000e1,3.493504e2,-6.726731e1
7.772000e1,3.456606e2,-7.986788e1
7.776000e1,3.415189e2,-9.390683e1
7.780000e1,3.364864e2,-1.074713e2
7.784000e1,3.306485e2,-1.222591e2
7.788000e1,3.244622e2,-1.357670e2
7.792000e1,3.177259e2,-1.496198e2
7.796000e1,3.106033e2,-1.619408e2
7.800000e1,3.023790e2,-1.747102e2
7.804000e1,2.945595e2,-1.867282e2
7.808000e1,2.852298e2,-1.986794e2
7.812000e1,2.761139e2,-2.102670e2
7.816000e1,2.668017e2,-2.211444e2
7.820000e1,2.562179e2,-2.315222e2
7.824000e1,2.464020e2,-2.401100e2
7.828000e1,2.347936e2,-2.517629e2
7.832000e1,2.238415e2,-2.599495e2
7.836000e1,2.118230e2,-2.689007e2
7.840000e1,1.991617e2,-2.769068e2
7.844000e1,1.862573e2,-2.851060e2
7.848000e1,1.738377e2,-2.911448e2
7.852000e1,1.611076e2,-2.980404e2
7.856000e1,1.480739e2,-3.042746e2
7.860000e1,1.363657e2,-3.158442e2
7.864000e1,1.199795e2,-3.155800e2
7.868000e1,1.062060e2,-3.213810e2
7.872000e1,9.225121e1,-3.261269e2
7.876000e1,7.879825e1,-3.275534e2
7.880000e1,6.532569e1,-3.326126e2
7.884000e1,5.089820e1,-3.337433e2
7.888000e1,3.562316e1,-3.343574e2
7.892000e1,2.094252e1,-3.332586e2
7.896000e1,6.586179e0,-3.372186e2
7.900000e1,-9.386535e0,-3.368946e2
7.904000e1,-2.388854e1,-3.371575e2
7.908000e1,-3.917104e1,-3.360873e2
7.912000e1,-5.266611e1,-3.305132e2
7.916000e1,-6.771310e1,-3.305115e2
7.920000e1,-8.092189e1,-3.271410e2
7.924000e1,-9.558983e1,-3.211590e2
7.928000e1,-1.085800e2,-3.145893e2
7.932000e1,-1.225592e2,-3.121729e2
7.936000e1,-1.366205e2,-3.082051e2
7.940000e1,-1.496327e2,-2.982276e2
7.944000e1,-1.599575e2,-2.900882e2
7.948000e1,-1.735046e2,-2.833060e2
7.952000e1,-1.874520e2,-2.769672e2
7.956000e1,-1.996191e2,-2.696431e2
7.960000e1,-2.095720e2,-2.587012e2
7.964000e1,-2.207241e2,-2.499572e2
7.968000e1,-2.307510e2,-2.398133e2
7.972000e1,-2.429394e2,-2.307726e2
7.976000e1,-2.524576e2,-2.209377e2
7.980000e1,-2.594455e2,-2.082420e2
7.984000e1,-2.720065e2,-1.990451e2
7.988000e1,-2.787903e2,-1.855678e2
7.992000e1,-2.896262e2,-1.772595e2
7.996000e1,-2.972867e2,-1.640382e2
8.000000e1,-3.011633e2,-1.490527e2
8.004000e1,-3.087384e2,-1.368759e2
8.008000e1,-3.157014e2,-1.242637e2
8.012000e1,-3.220357e2,-1.123108e2
8.016000e1,-3.274223e2,-9.688801e1
8.020000e1,-3.316924e2,-8.621368e1
8.024000e1,-3.364292e2,-7.214418e1
8.028000e1,-3.402962e2,-5.852568e1
8.032000e1,-3.453463e2,-4.578198e1
8.036000e1,-3.431800e2,-2.909203e1
8.040000e1,-3.470143e2,-1.438093e1
8.044000e1,-3.490244e2,-1.828360e-1
8.048000e1,-3.482983e2,1.332465e1
8.052000e1,-3.483875e2,2.840030e1
8.056000e1,-3.470703e2,4.203767e1
8.060000e1,-3.467173e2,5.568019e1
8.064000e1,-3.448312e2,7.465899e1
8.068000e1,-3.412395e2,8.568257e1
8.072000e1,-3.393228e2,1.003430e2
8.076000e1,-3.354459e2,1.150546e2
8.080000e1,-3.334427e2,1.275866e2
8.084000e1,-3.292168e2,1.421450e2
8.088000e1,-3.233517e2,1.554720e2
8.092000e1,-3.172376e2,1.698630e2
8.096000e1,-3.099355e2,1.856462e2
8.100000e1,-3.035927e2,1.983161e2
8.104000e1,-2.972407e2,2.091552e2
8.108000e1,-2.886341e2,2.219569e2
8.112000e1,-2.793019e2,2.339616e2
8.116000e1,-2.703273e2,2.451527e2
8.120000e1,-2.587184e2,2.581841e2
8.124000e1,-2.471151e2,2.707534e2
8.128000e1,-2.365657e2,2.798637e2
8.132000e1,-2.262434e2,2.878554e2
8.136000e1,-2.158006e2,2.973376e2
8.140000e1,-2.039355e2,3.080148e2
8.144000e1,-1.927722e2,3.140720e2
8.148000e1,-1.812374e2,3.218997e2
8.152000e1,-1.697298e2,3.292562e2
8.156000e1,-1.574764e2,3.357303e2
8.160000e1,-1.440300e2,3.422295e2
8.164000e1,-1.302045e2,3.473859e2
8.168000e1,-1.303513e2,3.472746e2
8.172000e1,-1.304513e2,3.471023e2
8.176000e1,-1.305165e2,3.470160e2
8.180000e1,-1.305391e2,3.469764e2
8.184000e1,-1.305523e2,3.469525e2
8.188000e1,-1.305632e2,3.469372e2
8.192000e1,-1.305691e2,3.469308e2
8.196000e1,-1.305745e2,3.469243e2
8.200000e1,-1.305754e2,3.469230e2
