t,x,y
4.400000e-1,8.028412e1,3.498528e2
4.800000e-1,8.277692e1,3.484998e2
5.200000e-1,8.578961e1,3.487691e2
5.600000e-1,8.859885e1,3.480427e2
6.000000e-1,9.142292e1,3.471652e2
6.400000e-1,9.481809e1,3.470074e2
6.800000e-1,9.744014e1,3.462811e2
7.200000e-1,1.003909e2,3.464174e2
7.600000e-1,1.034601e2,3.447581e2
8.000000e-1,1.066789e2,3.440482e2
8.400000e-1,1.097358e2,3.431476e2
8.800000e-1,1.128231e2,3.423816e2
9.200000e-1,1.161395e2,3.405941e2
9.600000e-1,1.194705e2,3.415030e2
1.000000e0,1.223310e2,3.392618e2
1.040000e0,1.256639e2,3.384190e2
1.080000e0,1.288779e2,3.370542e2
1.120000e0,1.320031e2,3.360319e2
1.160000e0,1.354283e2,3.349293e2
1.200000e0,1.391948e2,3.342332e2
1.240000e0,1.427312e2,3.320030e2
1.280000e0,1.464751e2,3.325644e2
1.320000e0,1.503806e2,3.328825e2
1.360000e0,1.533979e2,3.299066e2
1.400000e0,1.568369e2,3.289231e2
1.440000e0,1.603476e2,3.282110e2
1.480000e0,1.636495e2,3.256291e2
1.520000e0,1.673678e2,3.256109e2
1.560000e0,1.703439e2,3.241954e2
1.600000e0,1.743684e2,3.227720e2
1.640000e0,1.779113e2,3.209796e2
1.680000e0,1.814276e2,3.199135e2
1.720000e0,1.846745e2,3.175331e2
1.760000e0,1.878292e2,3.159776e2
1.800000e0,1.913468e2,3.150441e2
1.840000e0,1.946725e2,3.133361e2
1.880000e0,1.987045e2,3.117563e2
1.920000e0,2.019457e2,3.100937e2
1.960000e0,2.053846e2,3.079993e2
2.000000e0,2.088454e2,3.059842e2
2.040000e0,2.120532e2,3.034744e2
2.080000e0,2.143242e2,3.008141e2
2.120000e0,2.178774e2,2.992260e2
2.160000e0,2.212730e2,2.967654e2
2.200000e0,2.244365e2,2.950480e2
2.240000e0,2.280704e2,2.922300e2
2.280000e0,2.308692e2,2.893012e2
2.320000e0,2.335707e2,2.874489e2
2.360000e0,2.369440e2,2.854085e2
2.400000e0,2.402407e2,2.824635e2
2.440000e0,2.437134e2,2.802731e2
2.480000e0,2.464532e2,2.781819e2
2.520000e0,2.487262e2,2.743732e2
2.560000e0,2.507720e2,2.715367e2
2.600000e0,2.546919e2,2.678321e2
2.640000e0,2.580616e2,2.656632e2
2.680000e0,2.602728e2,2.625832e2
2.720000e0,2.631335e2,2.594533e2
2.760000e0,2.658719e2,2.558423e2
2.800000e0,2.690909e2,2.532615e2
2.840000e0,2.713648e2,2.500169e2
2.880000e0,2.747973e2,2.463692e2
2.920000e0,2.774464e2,2.434669e2
2.960000e0,2.808276e2,2.392791e2
3.000000e0,2.832312e2,2.350389e2
3.040000e0,2.868066e2,2.311671e2
3.080000e0,2.902339e2,2.267606e2
3.120000e0,2.933221e2,2.233198e2
3.160000e0,2.965468e2,2.192701e2
3.200000e0,2.994583e2,2.151591e2
3.240000e0,3.023740e2,2.113567e2
3.280000e0,3.048811e2,2.074528e2
3.320000e0,3.073848e2,2.036613e2
3.360000e0,3.099679e2,1.999751e2
3.400000e0,3.122085e2,1.966683e2
3.440000e0,3.148256e2,1.931194e2
3.480000e0,3.170042e2,1.897775e2
3.520000e0,3.190592e2,1.865923e2
3.560000e0,3.213098e2,1.830069e2
3.600000e0,3.238416e2,1.790015e2
3.640000e0,3.259150e2,1.751130e2
3.680000e0,3.279909e2,1.712933e2
3.720000e0,3.305718e2,1.675858e2
3.760000e0,3.324848e2,1.637909e2
3.800000e0,3.345476e2,1.600637e2
3.840000e0,3.366600e2,1.560687e2
3.880000e0,3.380598e2,1.521729e2
3.920000e0,3.393095e2,1.481407e2
3.960000e0,3.413756e2,1.444381e2
4.000000e0,3.423330e2,1.400640e2
4.040000e0,3.443009e2,1.361933e2
4.080000e0,3.458577e2,1.319899e2
4.120000e0,3.472124e2,1.282474e2
4.160000e0,3.481559e2,1.238505e2
4.200000e0,3.492229e2,1.198416e2
4.240000e0,3.508963e2,1.158150e2
4.280000e0,3.520196e2,1.117968e2
4.320000e0,3.532679e2,1.080084e2
4.360000e0,3.542417e2,1.038340e2
4.400000e0,3.557176e2,9.985229e1
4.440000e0,3.564903e2,9.572892e1
4.480000e0,3.575802e2,9.167162e1
4.520000e0,3.587963e2,8.792264e1
4.560000e0,3.599005e2,8.333561e1
4.600000e0,3.607872e2,7.923653e1
4.640000e0,3.617637e2,7.481071e1
4.680000e0,3.627459e2,7.052189e1
4.720000e0,3.634559e2,6.629377e1
4.760000e0,3.642333e2,6.192841e1
4.800000e0,3.650853e2,5.783301e1
4.840000e0,3.656688e2,5.334998e1
4.880000e0,3.661336e2,4.920519e1
4.920000e0,3.664157e2,4.492659e1
4.960000e0,3.668679e2,4.092332e1
5.000000e0,3.674383e2,3.660192e1
5.040000e0,3.673625e2,3.262256e1
5.080000e0,3.677864e2,2.917309e1
5.120000e0,3.679937e2,2.486911e1
5.160000e0,3.681381e2,2.109616e1
5.200000e0,3.680627e2,1.700746e1
5.240000e0,3.685418e2,1.316472e1
5.280000e0,3.684577e2,9.103499e0
5.320000e0,3.685722e2,5.304665e0
5.360000e0,3.690689e2,1.122905e0
5.400000e0,3.688089e2,-2.509329e0
5.440000e0,3.689436e2,-6.075499e0
5.480000e0,3.687873e2,-9.944368e0
5.520000e0,3.688268e2,-1.374181e1
5.560000e0,3.688562e2,-1.739631e1
5.600000e0,3.683769e2,-2.113059e1
5.640000e0,3.680888e2,-2.473951e1
5.680000e0,3.676587e2,-2.847596e1
5.720000e0,3.678401e2,-3.231100e1
5.760000e0,3.674422e2,-3.612621e1
5.800000e0,3.669109e2,-3.945966e1
5.840000e0,3.661919e2,-4.315983e1
5.880000e0,3.661281e2,-4.693871e1
5.920000e0,3.657144e2,-5.057891e1
5.960000e0,3.649875e2,-5.369963e1
6.000000e0,3.646145e2,-5.738580e1
6.040000e0,3.639485e2,-6.046876e1
6.080000e0,3.634208e2,-6.289630e1
6.120000e0,3.626548e2,-6.643493e1
6.160000e0,3.620483e2,-7.033863e1
6.200000e0,3.618299e2,-7.238278e1
6.240000e0,3.610110e2,-7.533769e1
6.280000e0,3.605236e2,-7.818616e1
6.320000e0,3.594638e2,-8.194226e1
6.360000e0,3.585226e2,-8.501196e1
6.400000e0,3.579393e2,-8.815529e1
6.440000e0,3.571035e2,-9.046646e1
6.480000e0,3.561473e2,-9.325867e1
6.520000e0,3.551825e2,-9.682423e1
6.560000e0,3.543034e2,-9.947407e1
6.600000e0,3.535303e2,-1.031227e2
6.640000e0,3.530861e2,-1.048734e2
6.680000e0,3.516412e2,-1.077042e2
6.720000e0,3.510377e2,-1.115698e2
6.760000e0,3.498103e2,-1.135102e2
6.800000e0,3.495901e2,-1.167294e2
6.840000e0,3.481432e2,-1.191001e2
6.880000e0,3.470344e2,-1.218773e2
6.920000e0,3.456818e2,-1.238802e2
6.960000e0,3.446406e2,-1.273817e2
7.000000e0,3.433895e2,-1.300151e2
7.040000e0,3.428759e2,-1.324326e2
7.080000e0,3.416767e2,-1.347920e2
7.120000e0,3.408190e2,-1.371047e2
7.160000e0,3.395572e2,-1.404823e2
7.200000e0,3.384075e2,-1.423210e2
7.240000e0,3.377093e2,-1.450270e2
7.280000e0,3.360265e2,-1.473368e2
7.320000e0,3.348327e2,-1.501172e2
7.360000e0,3.341723e2,-1.527735e2
7.400000e0,3.327393e2,-1.556103e2
7.440000e0,3.314657e2,-1.578006e2
7.480000e0,3.300555e2,-1.603588e2
7.520000e0,3.284046e2,-1.629308e2
7.560000e0,3.277158e2,-1.651657e2
7.600000e0,3.261065e2,-1.671233e2
7.640000e0,3.245335e2,-1.697352e2
7.680000e0,3.231722e2,-1.721478e2
7.720000e0,3.217317e2,-1.747950e2
7.760000e0,3.205340e2,-1.772897e2
7.800000e0,3.191442e2,-1.800763e2
7.840000e0,3.170914e2,-1.823692e2
7.880000e0,3.166578e2,-1.847596e2
7.920000e0,3.143064e2,-1.869192e2
7.960000e0,3.132188e2,-1.894026e2
8.000000e0,3.118386e2,-1.911687e2
8.040000e0,3.099135e2,-1.938659e2
8.080000e0,3.089102e2,-1.956537e2
8.120000e0,3.069367e2,-1.981080e2
8.160000e0,3.051476e2,-2.005433e2
8.200000e0,3.035165e2,-2.023509e2
8.240000e0,3.019476e2,-2.043434e2
8.280000e0,3.005075e2,-2.062982e2
8.320000e0,2.989745e2,-2.088593e2
8.360000e0,2.969448e2,-2.108626e2
8.400000e0,2.953719e2,-2.133564e2
8.440000e0,2.937717e2,-2.154774e2
8.480000e0,2.920654e2,-2.176974e2
8.520000e0,2.898449e2,-2.194568e2
8.560000e0,2.883575e2,-2.218307e2
8.600000e0,2.869039e2,-2.238230e2
8.640000e0,2.848508e2,-2.259342e2
8.680000e0,2.829793e2,-2.284769e2
8.720000e0,2.808922e2,-2.301533e2
8.760000e0,2.789064e2,-2.324499e2
8.800000e0,2.769883e2,-2.340492e2
8.840000e0,2.749125e2,-2.363157e2
8.880000e0,2.732615e2,-2.379987e2
8.920000e0,2.711521e2,-2.398747e2
8.960000e0,2.691277e2,-2.420437e2
9.000000e0,2.672098e2,-2.441280e2
9.040000e0,2.653464e2,-2.457664e2
9.080000e0,2.620901e2,-2.491002e2
9.120000e0,2.603560e2,-2.505826e2
9.160000e0,2.583781e2,-2.529633e2
9.200000e0,2.561395e2,-2.550853e2
9.240000e0,2.539190e2,-2.573093e2
9.280000e0,2.521077e2,-2.587591e2
9.320000e0,2.495029e2,-2.607907e2
9.360000e0,2.469483e2,-2.633509e2
9.400000e0,2.442971e2,-2.650676e2
9.440000e0,2.423461e2,-2.665259e2
9.480000e0,2.396532e2,-2.688725e2
9.520000e0,2.376905e2,-2.706253e2
9.560000e0,2.349294e2,-2.732039e2
9.600000e0,2.319792e2,-2.754124e2
9.640000e0,2.294828e2,-2.772351e2
9.680000e0,2.265605e2,-2.791833e2
9.720000e0,2.233790e2,-2.813900e2
9.760000e0,2.206217e2,-2.837865e2
9.800000e0,2.179874e2,-2.852108e2
9.840000e0,2.144509e2,-2.879421e2
9.880000e0,2.118742e2,-2.898178e2
9.920000e0,2.090968e2,-2.919051e2
9.960000e0,2.059527e2,-2.935598e2
1.000000e1,2.027735e2,-2.955126e2
1.004000e1,1.999303e2,-2.970788e2
1.008000e1,1.968146e2,-2.991098e2
1.012000e1,1.931005e2,-3.012780e2
1.016000e1,1.906383e2,-3.027441e2
1.020000e1,1.877778e2,-3.036518e2
1.024000e1,1.840194e2,-3.062048e2
1.028000e1,1.808121e2,-3.074841e2
1.032000e1,1.775894e2,-3.087403e2
1.036000e1,1.737642e2,-3.105898e2
1.040000e1,1.704186e2,-3.125309e2
1.044000e1,1.676732e2,-3.141924e2
1.048000e1,1.636453e2,-3.161749e2
1.052000e1,1.602850e2,-3.175969e2
1.056000e1,1.566339e2,-3.189426e2
1.060000e1,1.533307e2,-3.216709e2
1.064000e1,1.494063e2,-3.225107e2
1.068000e1,1.456450e2,-3.244446e2
1.072000e1,1.420118e2,-3.252584e2
1.076000e1,1.383867e2,-3.262856e2
1.080000e1,1.353454e2,-3.272508e2
1.084000e1,1.314431e2,-3.288520e2
1.088000e1,1.273174e2,-3.299730e2
1.092000e1,1.237115e2,-3.318428e2
1.096000e1,1.205898e2,-3.329139e2
1.100000e1,1.169761e2,-3.340051e2
1.104000e1,1.133125e2,-3.352617e2
1.108000e1,1.088537e2,-3.357449e2
1.112000e1,1.050045e2,-3.368366e2
1.116000e1,1.010007e2,-3.373841e2
1.120000e1,9.676830e1,-3.393059e2
1.124000e1,9.313210e1,-3.390997e2
1.128000e1,8.896321e1,-3.398743e2
1.132000e1,8.489831e1,-3.403530e2
1.136000e1,8.095927e1,-3.414377e2
1.140000e1,7.666964e1,-3.421419e2
1.144000e1,7.269526e1,-3.423292e2
1.148000e1,6.852010e1,-3.439875e2
1.152000e1,6.480688e1,-3.436016e2
1.156000e1,6.062556e1,-3.444874e2
1.160000e1,5.702942e1,-3.447067e2
1.164000e1,5.254315e1,-3.452597e2
1.168000e1,4.844298e1,-3.460323e2
1.172000e1,4.440396e1,-3.460897e2
1.176000e1,3.975933e1,-3.462371e2
1.180000e1,3.557593e1,-3.463075e2
1.184000e1,3.178942e1,-3.465305e2
1.188000e1,2.702960e1,-3.471032e2
1.192000e1,2.331083e1,-3.469554e2
1.196000e1,1.891910e1,-3.463347e2
1.200000e1,1.518875e1,-3.469859e2
1.204000e1,1.008747e1,-3.473034e2
1.208000e1,6.618736e0,-3.470100e2
1.212000e1,1.728108e0,-3.462845e2
1.216000e1,-1.628346e0,-3.458154e2
1.220000e1,-5.966216e0,-3.455830e2
1.224000e1,-1.036037e1,-3.457778e2
1.228000e1,-1.392709e1,-3.456641e2
1.232000e1,-1.851442e1,-3.450268e2
1.236000e1,-2.196684e1,-3.452474e2
1.240000e1,-2.597633e1,-3.442900e2
1.244000e1,-3.059240e1,-3.433854e2
1.248000e1,-3.438841e1,-3.425429e2
1.252000e1,-3.861367e1,-3.419188e2
1.256000e1,-4.243432e1,-3.417170e2
1.260000e1,-4.617850e1,-3.410563e2
1.264000e1,-5.115594e1,-3.409441e2
1.268000e1,-5.413419e1,-3.407368e2
1.272000e1,-5.878793e1,-3.393445e2
1.276000e1,-6.324685e1,-3.378265e2
1.280000e1,-6.664553e1,-3.372528e2
1.284000e1,-7.068672e1,-3.362245e2
1.288000e1,-7.403474e1,-3.355918e2
1.292000e1,-7.848036e1,-3.349730e2
1.296000e1,-8.173889e1,-3.339789e2
1.300000e1,-8.578335e1,-3.313788e2
1.304000e1,-9.027043e1,-3.308312e2
1.308000e1,-9.275681e1,-3.295892e2
1.312000e1,-9.630260e1,-3.284006e2
1.316000e1,-1.004673e2,-3.274262e2
1.320000e1,-1.040503e2,-3.265764e2
1.324000e1,-1.079878e2,-3.252682e2
1.328000e1,-1.116752e2,-3.233527e2
1.332000e1,-1.145836e2,-3.212370e2
1.336000e1,-1.192816e2,-3.195243e2
1.340000e1,-1.227095e2,-3.183822e2
1.344000e1,-1.260386e2,-3.162927e2
1.348000e1,-1.297007e2,-3.151894e2
1.352000e1,-1.337025e2,-3.130369e2
1.356000e1,-1.362638e2,-3.112324e2
1.360000e1,-1.398071e2,-3.102048e2
1.364000e1,-1.426550e2,-3.091201e2
1.368000e1,-1.461810e2,-3.066528e2
1.372000e1,-1.492827e2,-3.048304e2
1.376000e1,-1.526465e2,-3.033361e2
1.380000e1,-1.557332e2,-3.012637e2
1.384000e1,-1.587838e2,-3.001315e2
1.388000e1,-1.618654e2,-2.976567e2
1.392000e1,-1.646552e2,-2.950068e2
1.396000e1,-1.679420e2,-2.937152e2
1.400000e1,-1.704495e2,-2.918787e2
1.404000e1,-1.738912e2,-2.900586e2
1.408000e1,-1.768015e2,-2.880852e2
1.412000e1,-1.798366e2,-2.854961e2
1.416000e1,-1.828155e2,-2.840775e2
1.420000e1,-1.848883e2,-2.820366e2
1.424000e1,-1.874466e2,-2.791337e2
1.428000e1,-1.905661e2,-2.776626e2
1.432000e1,-1.926166e2,-2.753499e2
1.436000e1,-1.957211e2,-2.732659e2
1.440000e1,-1.978825e2,-2.712447e2
1.444000e1,-1.999473e2,-2.694498e2
1.448000e1,-2.027691e2,-2.669826e2
1.452000e1,-2.052278e2,-2.653401e2
1.456000e1,-2.069867e2,-2.631535e2
1.460000e1,-2.098908e2,-2.613726e2
1.464000e1,-2.127723e2,-2.592066e2
1.468000e1,-2.149453e2,-2.569893e2
1.472000e1,-2.169452e2,-2.552474e2
1.476000e1,-2.200718e2,-2.529883e2
1.480000e1,-2.218543e2,-2.509994e2
1.484000e1,-2.236702e2,-2.492698e2
1.488000e1,-2.267939e2,-2.467210e2
1.492000e1,-2.285493e2,-2.451596e2
1.496000e1,-2.303345e2,-2.433697e2
1.500000e1,-2.324491e2,-2.411013e2
1.504000e1,-2.341064e2,-2.389127e2
1.508000e1,-2.364835e2,-2.364506e2
1.512000e1,-2.384456e2,-2.343430e2
1.516000e1,-2.403553e2,-2.322383e2
1.520000e1,-2.414437e2,-2.305799e2
1.524000e1,-2.433067e2,-2.282281e2
1.528000e1,-2.450054e2,-2.258171e2
1.532000e1,-2.472265e2,-2.238096e2
1.536000e1,-2.492408e2,-2.219248e2
1.540000e1,-2.513135e2,-2.197342e2
1.544000e1,-2.524663e2,-2.178744e2
1.548000e1,-2.544632e2,-2.152479e2
1.552000e1,-2.559747e2,-2.133478e2
1.556000e1,-2.575967e2,-2.113216e2
1.560000e1,-2.586536e2,-2.085826e2
1.564000e1,-2.603590e2,-2.069489e2
1.568000e1,-2.616170e2,-2.045409e2
1.572000e1,-2.625752e2,-2.027049e2
1.576000e1,-2.640935e2,-2.009090e2
1.580000e1,-2.660445e2,-1.985640e2
1.584000e1,-2.668932e2,-1.969433e2
1.588000e1,-2.685604e2,-1.947757e2
1.592000e1,-2.695734e2,-1.927375e2
1.596000e1,-2.710009e2,-1.913732e2
1.600000e1,-2.731604e2,-1.879013e2
1.604000e1,-2.737357e2,-1.864968e2
1.608000e1,-2.759487e2,-1.846387e2
1.612000e1,-2.767376e2,-1.822472e2
1.616000e1,-2.776392e2,-1.799486e2
1.620000e1,-2.787301e2,-1.779476e2
1.624000e1,-2.803771e2,-1.758444e2
1.628000e1,-2.813426e2,-1.732274e2
1.632000e1,-2.821853e2,-1.718286e2
1.636000e1,-2.835488e2,-1.685620e2
1.640000e1,-2.846531e2,-1.661768e2
1.644000e1,-2.855771e2,-1.643274e2
1.648000e1,-2.877096e2,-1.620610e2
1.652000e1,-2.880497e2,-1.598310e2
1.656000e1,-2.887217e2,-1.571964e2
1.660000e1,-2.905108e2,-1.551914e2
1.664000e1,-2.902417e2,-1.527060e2
1.668000e1,-2.921854e2,-1.505417e2
1.672000e1,-2.922825e2,-1.475215e2
1.676000e1,-2.932926e2,-1.450647e2
1.680000e1,-2.941632e2,-1.423524e2
1.684000e1,-2.959227e2,-1.412202e2
1.688000e1,-2.959517e2,-1.380462e2
1.692000e1,-2.965249e2,-1.359518e2
1.696000e1,-2.972562e2,-1.331826e2
1.700000e1,-2.992729e2,-1.308720e2
1.704000e1,-2.995945e2,-1.287101e2
1.708000e1,-3.003842e2,-1.263762e2
1.712000e1,-3.012148e2,-1.239378e2
1.716000e1,-3.019751e2,-1.219302e2
1.720000e1,-3.033810e2,-1.196568e2
1.724000e1,-3.037954e2,-1.170272e2
1.728000e1,-3.046833e2,-1.140971e2
1.732000e1,-3.049653e2,-1.113132e2
1.736000e1,-3.067022e2,-1.097363e2
1.740000e1,-3.073948e2,-1.061063e2
1.744000e1,-3.079041e2,-1.041239e2
1.748000e1,-3.091720e2,-1.006398e2
1.752000e1,-3.090373e2,-9.839373e1
1.756000e1,-3.102241e2,-9.616139e1
1.760000e1,-3.118492e2,-9.338386e1
1.764000e1,-3.125131e2,-9.027054e1
1.768000e1,-3.135033e2,-8.759597e1
1.772000e1,-3.146885e2,-8.513313e1
1.776000e1,-3.147115e2,-8.185568e1
1.780000e1,-3.152282e2,-7.946721e1
1.784000e1,-3.164771e2,-7.697291e1
1.788000e1,-3.183412e2,-7.353772e1
1.792000e1,-3.184460e2,-7.045726e1
1.796000e1,-3.190427e2,-6.702622e1
1.800000e1,-3.194801e2,-6.451220e1
1.804000e1,-3.197895e2,-6.157364e1
1.808000e1,-3.206641e2,-5.853241e1
1.812000e1,-3.208014e2,-5.495438e1
1.816000e1,-3.210241e2,-5.233825e1
1.820000e1,-3.221777e2,-4.889400e1
1.824000e1,-3.227750e2,-4.619193e1
1.828000e1,-3.236915e2,-4.276637e1
1.832000e1,-3.235082e2,-3.998590e1
1.836000e1,-3.235403e2,-3.593919e1
1.840000e1,-3.242431e2,-3.350176e1
1.844000e1,-3.252569e2,-2.972001e1
1.848000e1,-3.255986e2,-2.618040e1
1.852000e1,-3.263794e2,-2.285044e1
1.856000e1,-3.262519e2,-1.951815e1
1.860000e1,-3.266775e2,-1.663368e1
1.864000e1,-3.270635e2,-1.289241e1
1.868000e1,-3.267819e2,-9.313506e0
1.872000e1,-3.273060e2,-5.750567e0
1.876000e1,-3.269480e2,-2.266251e0
1.880000e1,-3.274432e2,1.709255e0
1.884000e1,-3.271523e2,4.828879e0
1.888000e1,-3.272455e2,8.617087e0
1.892000e1,-3.272227e2,1.189972e1
1.896000e1,-3.269810e2,1.590962e1
1.900000e1,-3.273367e2,1.973616e1
1.904000e1,-3.271273e2,2.361772e1
1.908000e1,-3.267702e2,2.720412e1
1.912000e1,-3.264584e2,3.097741e1
1.916000e1,-3.258407e2,3.463791e1
1.920000e1,-3.258795e2,3.816773e1
1.924000e1,-3.253065e2,4.197544e1
1.928000e1,-3.257528e2,4.611416e1
1.932000e1,-3.245886e2,4.996594e1
1.936000e1,-3.245985e2,5.344950e1
1.940000e1,-3.235733e2,5.759067e1
1.944000e1,-3.229788e2,6.148949e1
1.948000e1,-3.222632e2,6.540443e1
1.952000e1,-3.218763e2,6.878138e1
1.956000e1,-3.215025e2,7.277301e1
1.960000e1,-3.209184e2,7.687567e1
1.964000e1,-3.202422e2,8.088726e1
1.968000e1,-3.192800e2,8.476209e1
1.972000e1,-3.188566e2,8.919386e1
1.976000e1,-3.175314e2,9.282419e1
1.980000e1,-3.171737e2,9.693944e1
1.984000e1,-3.157311e2,1.008775e2
1.988000e1,-3.138407e2,1.046720e2
1.992000e1,-3.137124e2,1.085734e2
1.996000e1,-3.118084e2,1.128168e2
2.000000e1,-3.106301e2,1.159140e2
2.004000e1,-3.091580e2,1.202954e2
2.008000e1,-3.080327e2,1.239452e2
2.012000e1,-3.061038e2,1.281351e2
2.016000e1,-3.051678e2,1.321009e2
2.020000e1,-3.034665e2,1.361119e2
2.024000e1,-3.016924e2,1.390325e2
2.028000e1,-3.003520e2,1.435839e2
2.032000e1,-2.987250e2,1.470350e2
2.036000e1,-2.967173e2,1.510141e2
2.040000e1,-2.949745e2,1.543798e2
2.044000e1,-2.933984e2,1.589392e2
2.048000e1,-2.909479e2,1.622705e2
2.052000e1,-2.895524e2,1.657351e2
2.056000e1,-2.875897e2,1.699835e2
2.060000e1,-2.847719e2,1.736888e2
2.064000e1,-2.831448e2,1.778655e2
2.068000e1,-2.805800e2,1.813594e2
2.072000e1,-2.784943e2,1.842826e2
2.076000e1,-2.764314e2,1.876782e2
2.080000e1,-2.740048e2,1.921195e2
2.084000e1,-2.716378e2,1.952540e2
2.088000e1,-2.696007e2,1.981105e2
2.092000e1,-2.665271e2,2.021145e2
2.096000e1,-2.644982e2,2.054145e2
2.100000e1,-2.622297e2,2.081884e2
2.104000e1,-2.594022e2,2.116812e2
2.108000e1,-2.566508e2,2.142380e2
2.112000e1,-2.543324e2,2.179852e2
2.116000e1,-2.515072e2,2.213037e2
2.120000e1,-2.487663e2,2.241597e2
2.124000e1,-2.460933e2,2.273952e2
2.128000e1,-2.436139e2,2.298269e2
2.132000e1,-2.413789e2,2.330698e2
2.136000e1,-2.380065e2,2.360884e2
2.140000e1,-2.357005e2,2.390958e2
2.144000e1,-2.333286e2,2.419612e2
2.148000e1,-2.302051e2,2.452239e2
2.152000e1,-2.271779e2,2.475323e2
2.156000e1,-2.252509e2,2.519063e2
2.160000e1,-2.223679e2,2.543058e2
2.164000e1,-2.194545e2,2.561228e2
2.168000e1,-2.166444e2,2.582250e2
2.172000e1,-2.133383e2,2.613754e2
2.176000e1,-2.105187e2,2.639064e2
2.180000e1,-2.075884e2,2.663661e2
2.184000e1,-2.047945e2,2.688313e2
2.188000e1,-2.012934e2,2.712518e2
2.192000e1,-2.001024e2,2.766439e2
2.196000e1,-1.965089e2,2.776275e2
2.200000e1,-1.935175e2,2.799067e2
2.204000e1,-1.912771e2,2.854554e2
2.208000e1,-1.877320e2,2.846928e2
2.212000e1,-1.853637e2,2.876352e2
2.216000e1,-1.816472e2,2.879196e2
2.220000e1,-1.795125e2,2.916315e2
2.224000e1,-1.763407e2,2.931325e2
2.228000e1,-1.727883e2,2.936347e2
2.232000e1,-1.713364e2,2.978641e2
2.236000e1,-1.687013e2,2.996118e2
2.240000e1,-1.656409e2,3.005038e2
2.244000e1,-1.626845e2,3.024893e2
2.248000e1,-1.593517e2,3.042608e2
2.252000e1,-1.562535e2,3.051284e2
2.256000e1,-1.535732e2,3.067247e2
2.260000e1,-1.514042e2,3.103474e2
2.264000e1,-1.483637e2,3.123311e2
2.268000e1,-1.444046e2,3.120827e2
2.272000e1,-1.415583e2,3.136566e2
2.276000e1,-1.384797e2,3.155657e2
2.280000e1,-1.355411e2,3.177146e2
2.284000e1,-1.334738e2,3.207076e2
2.288000e1,-1.305173e2,3.225401e2
2.292000e1,-1.276158e2,3.235553e2
2.296000e1,-1.236377e2,3.225641e2
2.300000e1,-1.206194e2,3.234788e2
2.304000e1,-1.182046e2,3.263118e2
2.308000e1,-1.153734e2,3.272119e2
2.312000e1,-1.124246e2,3.277784e2
2.316000e1,-1.095036e2,3.283679e2
2.320000e1,-1.072866e2,3.307923e2
2.324000e1,-1.044229e2,3.316400e2
2.328000e1,-1.015449e2,3.328196e2
2.332000e1,-9.813000e1,3.334207e2
2.336000e1,-9.550269e1,3.352934e2
2.340000e1,-9.241066e1,3.348885e2
2.344000e1,-8.924691e1,3.363550e2
2.348000e1,-8.647815e1,3.375601e2
2.352000e1,-8.269114e1,3.366274e2
2.356000e1,-8.031472e1,3.391002e2
2.360000e1,-7.766970e1,3.396302e2
2.364000e1,-7.409263e1,3.403491e2
2.368000e1,-7.126453e1,3.412401e2
2.372000e1,-6.846829e1,3.414581e2
2.376000e1,-6.648624e1,3.426562e2
2.380000e1,-6.361379e1,3.438646e2
2.384000e1,-6.023661e1,3.442516e2
2.388000e1,-5.768344e1,3.445599e2
2.392000e1,-5.527606e1,3.466056e2
2.396000e1,-5.270145e1,3.467449e2
2.400000e1,-5.030200e1,3.478621e2
2.404000e1,-4.720378e1,3.487667e2
2.408000e1,-4.474445e1,3.474569e2
2.412000e1,-4.162652e1,3.476007e2
2.416000e1,-3.899654e1,3.496892e2
2.420000e1,-3.664277e1,3.481847e2
2.424000e1,-3.454463e1,3.495724e2
2.428000e1,-3.164299e1,3.516451e2
2.432000e1,-2.939797e1,3.525392e2
2.436000e1,-2.679625e1,3.510472e2
2.440000e1,-2.423795e1,3.518455e2
2.444000e1,-2.228823e1,3.534217e2
2.448000e1,-1.958140e1,3.530189e2
2.452000e1,-1.738299e1,3.537056e2
2.456000e1,-1.491030e1,3.530956e2
2.460000e1,-1.303767e1,3.524440e2
2.464000e1,-1.076007e1,3.531357e2
2.468000e1,-8.750225e0,3.529851e2
2.472000e1,-6.079536e0,3.530786e2
2.476000e1,-4.100529e0,3.550215e2
2.480000e1,-1.991463e0,3.547785e2
2.484000e1,2.126651e-1,3.540347e2
2.488000e1,2.445724e0,3.542940e2
2.492000e1,4.392819e0,3.537350e2
2.496000e1,6.770061e0,3.551225e2
2.500000e1,9.134272e0,3.541581e2
2.504000e1,1.123804e1,3.537947e2
2.508000e1,1.352313e1,3.537622e2
2.512000e1,1.614637e1,3.532771e2
2.516000e1,1.827442e1,3.533252e2
2.520000e1,2.084441e1,3.542260e2
2.524000e1,2.304617e1,3.540085e2
2.528000e1,2.541556e1,3.545948e2
2.532000e1,2.773404e1,3.533899e2
2.536000e1,3.058751e1,3.548702e2
2.540000e1,3.318170e1,3.531684e2
2.544000e1,3.572556e1,3.529310e2
2.548000e1,3.821439e1,3.529489e2
2.552000e1,4.102300e1,3.525144e2
2.556000e1,4.324353e1,3.536694e2
2.560000e1,4.580696e1,3.524363e2
2.564000e1,4.863026e1,3.534987e2
2.568000e1,5.081349e1,3.530584e2
2.572000e1,5.321223e1,3.524767e2
2.576000e1,5.624203e1,3.524770e2
2.580000e1,5.889054e1,3.526500e2
2.584000e1,6.135636e1,3.523411e2
2.588000e1,6.428878e1,3.534662e2
2.592000e1,6.656533e1,3.529102e2
2.596000e1,6.890469e1,3.511490e2
2.600000e1,7.128492e1,3.510842e2
2.604000e1,7.397160e1,3.501748e2
2.608000e1,7.649617e1,3.516476e2
2.612000e1,7.923365e1,3.513028e2
2.616000e1,8.133266e1,3.500106e2
2.620000e1,8.397402e1,3.488218e2
2.624000e1,8.629683e1,3.499661e2
2.628000e1,8.889839e1,3.481801e2
2.632000e1,9.126886e1,3.473369e2
2.636000e1,9.442359e1,3.481081e2
2.640000e1,9.694408e1,3.458269e2
2.644000e1,9.930631e1,3.458597e2
2.648000e1,1.023344e2,3.453536e2
2.652000e1,1.053105e2,3.448916e2
2.656000e1,1.083133e2,3.438836e2
2.660000e1,1.113257e2,3.443656e2
2.664000e1,1.144395e2,3.435649e2
2.668000e1,1.175289e2,3.425630e2
2.672000e1,1.205309e2,3.425507e2
2.676000e1,1.234576e2,3.412791e2
2.680000e1,1.264658e2,3.397816e2
2.684000e1,1.296270e2,3.387486e2
2.688000e1,1.322408e2,3.382341e2
2.692000e1,1.354672e2,3.363206e2
2.696000e1,1.388468e2,3.354986e2
2.700000e1,1.418933e2,3.347777e2
2.704000e1,1.455641e2,3.354868e2
2.708000e1,1.483277e2,3.320760e2
2.712000e1,1.517394e2,3.309506e2
2.716000e1,1.549317e2,3.314698e2
2.720000e1,1.582392e2,3.310449e2
2.724000e1,1.615045e2,3.292554e2
2.728000e1,1.645246e2,3.263124e2
2.732000e1,1.676159e2,3.245451e2
2.736000e1,1.707684e2,3.242322e2
2.740000e1,1.743224e2,3.237819e2
2.744000e1,1.774524e2,3.214949e2
2.748000e1,1.803944e2,3.206819e2
2.752000e1,1.837349e2,3.196521e2
2.756000e1,1.875098e2,3.181289e2
2.760000e1,1.901870e2,3.163181e2
2.764000e1,1.935648e2,3.150904e2
2.768000e1,1.968154e2,3.129999e2
2.772000e1,2.003856e2,3.117255e2
2.776000e1,2.029955e2,3.088732e2
2.780000e1,2.063707e2,3.071965e2
2.784000e1,2.093235e2,3.052984e2
2.788000e1,2.134294e2,3.038992e2
2.792000e1,2.163704e2,3.018150e2
2.796000e1,2.199392e2,2.995540e2
2.800000e1,2.222548e2,2.964144e2
2.804000e1,2.260522e2,2.951561e2
2.808000e1,2.280565e2,2.923086e2
2.812000e1,2.313054e2,2.902249e2
2.816000e1,2.339940e2,2.891043e2
2.820000e1,2.371870e2,2.853033e2
2.824000e1,2.404435e2,2.834860e2
2.828000e1,2.429544e2,2.810893e2
2.832000e1,2.462205e2,2.785924e2
2.836000e1,2.474445e2,2.768230e2
2.840000e1,2.507131e2,2.736166e2
2.844000e1,2.537970e2,2.708756e2
2.848000e1,2.570775e2,2.683413e2
2.852000e1,2.594609e2,2.648518e2
2.856000e1,2.616556e2,2.622924e2
2.860000e1,2.648852e2,2.591520e2
2.864000e1,2.673374e2,2.555595e2
2.868000e1,2.701261e2,2.532466e2
2.872000e1,2.722018e2,2.500565e2
2.876000e1,2.758589e2,2.464211e2
2.880000e1,2.776916e2,2.435027e2
2.884000e1,2.812159e2,2.399646e2
2.888000e1,2.842318e2,2.355815e2
2.892000e1,2.872530e2,2.325576e2
2.896000e1,2.901830e2,2.289298e2
2.900000e1,2.931083e2,2.250638e2
2.904000e1,2.962448e2,2.210189e2
2.908000e1,2.991697e2,2.173629e2
2.912000e1,3.016083e2,2.131710e2
2.916000e1,3.049107e2,2.096279e2
2.920000e1,3.069859e2,2.062866e2
2.924000e1,3.090803e2,2.027612e2
2.928000e1,3.115373e2,1.992637e2
2.932000e1,3.139208e2,1.956630e2
2.936000e1,3.157497e2,1.925042e2
2.940000e1,3.177913e2,1.892940e2
2.944000e1,3.199699e2,1.857827e2
2.948000e1,3.226329e2,1.825632e2
2.952000e1,3.248360e2,1.789982e2
2.956000e1,3.267230e2,1.751084e2
2.960000e1,3.293774e2,1.719298e2
2.964000e1,3.312197e2,1.681644e2
2.968000e1,3.334096e2,1.641227e2
2.972000e1,3.352262e2,1.603618e2
2.976000e1,3.374690e2,1.568233e2
2.980000e1,3.394678e2,1.536214e2
2.984000e1,3.409723e2,1.495176e2
2.988000e1,3.421959e2,1.459311e2
2.992000e1,3.437030e2,1.420887e2
2.996000e1,3.449187e2,1.379824e2
3.000000e1,3.463175e2,1.342387e2
3.004000e1,3.473242e2,1.303231e2
3.008000e1,3.484426e2,1.263105e2
3.012000e1,3.498816e2,1.223195e2
3.016000e1,3.509708e2,1.179810e2
3.020000e1,3.518373e2,1.140669e2
3.024000e1,3.525536e2,1.103540e2
3.028000e1,3.539819e2,1.061632e2
3.032000e1,3.550910e2,1.023705e2
3.036000e1,3.558284e2,9.831244e1
3.040000e1,3.569187e2,9.440564e1
3.044000e1,3.577913e2,9.029275e1
3.048000e1,3.587123e2,8.644367e1
3.052000e1,3.597435e2,8.199898e1
3.056000e1,3.605595e2,7.799808e1
3.060000e1,3.615397e2,7.426924e1
3.064000e1,3.623270e2,7.007948e1
3.068000e1,3.632899e2,6.610571e1
3.072000e1,3.641310e2,6.158247e1
3.076000e1,3.646229e2,5.793153e1
3.080000e1,3.653796e2,5.359338e1
3.084000e1,3.658931e2,4.963865e1
3.088000e1,3.661056e2,4.585502e1
3.092000e1,3.664258e2,4.179831e1
3.096000e1,3.670004e2,3.833189e1
3.100000e1,3.670501e2,3.449498e1
3.104000e1,3.671517e2,3.090518e1
3.108000e1,3.673026e2,2.701073e1
3.112000e1,3.676632e2,2.349345e1
3.116000e1,3.676153e2,1.952267e1
3.120000e1,3.680547e2,1.594241e1
3.124000e1,3.683923e2,1.218356e1
3.128000e1,3.683336e2,8.831069e0
3.132000e1,3.684664e2,4.939523e0
3.136000e1,3.686742e2,1.115070e0
3.140000e1,3.688396e2,-2.031171e0
3.144000e1,3.688592e2,-5.856703e0
3.148000e1,3.688007e2,-9.550419e0
3.152000e1,3.688949e2,-1.293229e1
3.156000e1,3.684680e2,-1.605368e1
3.160000e1,3.687264e2,-1.971667e1
3.164000e1,3.686634e2,-2.345527e1
3.168000e1,3.683470e2,-2.681905e1
3.172000e1,3.679054e2,-3.045141e1
3.176000e1,3.676625e2,-3.364324e1
3.180000e1,3.675587e2,-3.726385e1
3.184000e1,3.669415e2,-4.046239e1
3.188000e1,3.665757e2,-4.379337e1
3.192000e1,3.662047e2,-4.717153e1
3.196000e1,3.658420e2,-5.042141e1
3.200000e1,3.653339e2,-5.328589e1
3.204000e1,3.650014e2,-5.615893e1
3.208000e1,3.644879e2,-5.946142e1
3.212000e1,3.644120e2,-6.158058e1
3.216000e1,3.635318e2,-6.523763e1
3.220000e1,3.629780e2,-6.818006e1
3.224000e1,3.623185e2,-7.126898e1
3.228000e1,3.617246e2,-7.415925e1
3.232000e1,3.611484e2,-7.724570e1
3.236000e1,3.604542e2,-7.978901e1
3.240000e1,3.596933e2,-8.233579e1
3.244000e1,3.595016e2,-8.507119e1
3.248000e1,3.588368e2,-8.764034e1
3.252000e1,3.576244e2,-9.008486e1
3.256000e1,3.571556e2,-9.371743e1
3.260000e1,3.563823e2,-9.586815e1
3.264000e1,3.554218e2,-9.947781e1
3.268000e1,3.549990e2,-1.009583e2
3.272000e1,3.539405e2,-1.033193e2
3.276000e1,3.529580e2,-1.065865e2
3.280000e1,3.520988e2,-1.093720e2
3.284000e1,3.516697e2,-1.110229e2
3.288000e1,3.504480e2,-1.136894e2
3.292000e1,3.500741e2,-1.164960e2
3.296000e1,3.493951e2,-1.192484e2
3.300000e1,3.479585e2,-1.208194e2
3.304000e1,3.467886e2,-1.235131e2
3.308000e1,3.465732e2,-1.264458e2
3.312000e1,3.448209e2,-1.287316e2
3.316000e1,3.443068e2,-1.307323e2
3.320000e1,3.430637e2,-1.323804e2
3.324000e1,3.418129e2,-1.352252e2
3.328000e1,3.414332e2,-1.373608e2
3.332000e1,3.407290e2,-1.401768e2
3.336000e1,3.394972e2,-1.423774e2
3.340000e1,3.385277e2,-1.440507e2
3.344000e1,3.374758e2,-1.462503e2
3.348000e1,3.373069e2,-1.490835e2
3.352000e1,3.345594e2,-1.511383e2
3.356000e1,3.340043e2,-1.527428e2
3.360000e1,3.331409e2,-1.552908e2
3.364000e1,3.316148e2,-1.572807e2
3.368000e1,3.308049e2,-1.596084e2
3.372000e1,3.297548e2,-1.618243e2
3.376000e1,3.286816e2,-1.632588e2
3.380000e1,3.273623e2,-1.658192e2
3.384000e1,3.260227e2,-1.681393e2
3.388000e1,3.254164e2,-1.702834e2
3.392000e1,3.239490e2,-1.720360e2
3.396000e1,3.226176e2,-1.745299e2
3.400000e1,3.211464e2,-1.763772e2
3.404000e1,3.200960e2,-1.783491e2
3.408000e1,3.189518e2,-1.806176e2
3.412000e1,3.175362e2,-1.827598e2
3.416000e1,3.162511e2,-1.849084e2
3.420000e1,3.146203e2,-1.873735e2
3.424000e1,3.137019e2,-1.892819e2
3.428000e1,3.127369e2,-1.910808e2
3.432000e1,3.111349e2,-1.927767e2
3.436000e1,3.095526e2,-1.954495e2
3.440000e1,3.087449e2,-1.969455e2
3.444000e1,3.072293e2,-1.992351e2
3.448000e1,3.058234e2,-2.006192e2
3.452000e1,3.044279e2,-2.030981e2
3.456000e1,3.028173e2,-2.050512e2
3.460000e1,3.015654e2,-2.065020e2
3.464000e1,3.001372e2,-2.088286e2
3.468000e1,2.985005e2,-2.107551e2
3.472000e1,2.969779e2,-2.127858e2
3.476000e1,2.950960e2,-2.151101e2
3.480000e1,2.939531e2,-2.167770e2
3.484000e1,2.922941e2,-2.191709e2
3.488000e1,2.904918e2,-2.204096e2
3.492000e1,2.890767e2,-2.220613e2
3.496000e1,2.876361e2,-2.240333e2
3.500000e1,2.861433e2,-2.260601e2
3.504000e1,2.841908e2,-2.275315e2
3.508000e1,2.823816e2,-2.297184e2
3.512000e1,2.811805e2,-2.315273e2
3.516000e1,2.798570e2,-2.329893e2
3.520000e1,2.779494e2,-2.350843e2
3.524000e1,2.762756e2,-2.367679e2
3.528000e1,2.743907e2,-2.389564e2
3.532000e1,2.727039e2,-2.401948e2
3.536000e1,2.709435e2,-2.422274e2
3.540000e1,2.690051e2,-2.443842e2
3.544000e1,2.677663e2,-2.461487e2
3.548000e1,2.654720e2,-2.482303e2
3.552000e1,2.633818e2,-2.494099e2
3.556000e1,2.614541e2,-2.508314e2
3.560000e1,2.598500e2,-2.521348e2
3.564000e1,2.577404e2,-2.543294e2
3.568000e1,2.557838e2,-2.566906e2
3.572000e1,2.535164e2,-2.582193e2
3.576000e1,2.511862e2,-2.609307e2
3.580000e1,2.495720e2,-2.630102e2
3.584000e1,2.471093e2,-2.639695e2
3.588000e1,2.447112e2,-2.663469e2
3.592000e1,2.423208e2,-2.683554e2
3.596000e1,2.402683e2,-2.697033e2
3.600000e1,2.378038e2,-2.719329e2
3.604000e1,2.358123e2,-2.729330e2
3.608000e1,2.337870e2,-2.768543e2
3.612000e1,2.299158e2,-2.784519e2
3.616000e1,2.275720e2,-2.793709e2
3.620000e1,2.253091e2,-2.818185e2
3.624000e1,2.225919e2,-2.834413e2
3.628000e1,2.196628e2,-2.855154e2
3.632000e1,2.170910e2,-2.871969e2
3.636000e1,2.140679e2,-2.889271e2
3.640000e1,2.112493e2,-2.913074e2
3.644000e1,2.088355e2,-2.926781e2
3.648000e1,2.059523e2,-2.948401e2
3.652000e1,2.027597e2,-2.964468e2
3.656000e1,1.997849e2,-2.979366e2
3.660000e1,1.972517e2,-2.992489e2
3.664000e1,1.942493e2,-3.013433e2
3.668000e1,1.913503e2,-3.030255e2
3.672000e1,1.887838e2,-3.042489e2
3.676000e1,1.853300e2,-3.057886e2
3.680000e1,1.827327e2,-3.072924e2
3.684000e1,1.802361e2,-3.093321e2
3.688000e1,1.765434e2,-3.111735e2
3.692000e1,1.734374e2,-3.120968e2
3.696000e1,1.700580e2,-3.137618e2
3.700000e1,1.666441e2,-3.152544e2
3.704000e1,1.629563e2,-3.169705e2
3.708000e1,1.597178e2,-3.187065e2
3.712000e1,1.563417e2,-3.206822e2
3.716000e1,1.529576e2,-3.210689e2
3.720000e1,1.493276e2,-3.235297e2
3.724000e1,1.459896e2,-3.240639e2
3.728000e1,1.422828e2,-3.258957e2
3.732000e1,1.388485e2,-3.264588e2
3.736000e1,1.352402e2,-3.279777e2
3.740000e1,1.320454e2,-3.292014e2
3.744000e1,1.284738e2,-3.303467e2
3.748000e1,1.252172e2,-3.322673e2
3.752000e1,1.217244e2,-3.329725e2
3.756000e1,1.183120e2,-3.342630e2
3.760000e1,1.145809e2,-3.347079e2
3.764000e1,1.106523e2,-3.352898e2
3.768000e1,1.068115e2,-3.367326e2
3.772000e1,1.037388e2,-3.380427e2
3.776000e1,9.896348e1,-3.384866e2
3.780000e1,9.578889e1,-3.392496e2
3.784000e1,9.248262e1,-3.397856e2
3.788000e1,8.855270e1,-3.404834e2
3.792000e1,8.505480e1,-3.411037e2
3.796000e1,8.134357e1,-3.423615e2
3.800000e1,7.737098e1,-3.429358e2
3.804000e1,7.408714e1,-3.429564e2
3.808000e1,6.981297e1,-3.438584e2
3.812000e1,6.532334e1,-3.443639e2
3.816000e1,6.198500e1,-3.448083e2
3.820000e1,5.692564e1,-3.459007e2
3.824000e1,5.337911e1,-3.464864e2
3.828000e1,5.053437e1,-3.476781e2
3.832000e1,4.597131e1,-3.465381e2
3.836000e1,4.213452e1,-3.470147e2
3.840000e1,3.783044e1,-3.469479e2
3.844000e1,3.400456e1,-3.473119e2
3.848000e1,2.931154e1,-3.474785e2
3.852000e1,2.602135e1,-3.482045e2
3.856000e1,2.123631e1,-3.478106e2
3.860000e1,1.789635e1,-3.474286e2
3.864000e1,1.433537e1,-3.480932e2
3.868000e1,9.199430e0,-3.497618e2
3.872000e1,6.239369e0,-3.475051e2
3.876000e1,2.715747e0,-3.481905e2
3.880000e1,-1.701095e0,-3.482535e2
3.884000e1,-5.572915e0,-3.470564e2
3.888000e1,-9.440591e0,-3.465837e2
3.892000e1,-1.278460e1,-3.464190e2
3.896000e1,-1.660496e1,-3.470200e2
3.900000e1,-2.045011e1,-3.473764e2
3.904000e1,-2.422019e1,-3.454744e2
3.908000e1,-2.839184e1,-3.454682e2
3.912000e1,-3.281397e1,-3.454015e2
3.916000e1,-3.669852e1,-3.441669e2
3.920000e1,-3.958575e1,-3.438944e2
3.924000e1,-4.386308e1,-3.421618e2
3.928000e1,-4.800665e1,-3.422718e2
3.932000e1,-5.210764e1,-3.404803e2
3.936000e1,-5.562496e1,-3.402617e2
3.940000e1,-5.939100e1,-3.396064e2
3.944000e1,-6.333647e1,-3.384256e2
3.948000e1,-6.720264e1,-3.373349e2
3.952000e1,-7.107796e1,-3.363783e2
3.956000e1,-7.454607e1,-3.357367e2
3.960000e1,-7.819145e1,-3.341833e2
3.964000e1,-8.247059e1,-3.334240e2
3.968000e1,-8.613524e1,-3.323080e2
3.972000e1,-8.961672e1,-3.316120e2
3.976000e1,-9.246048e1,-3.303193e2
3.980000e1,-9.652149e1,-3.288129e2
3.984000e1,-1.002435e2,-3.278524e2
3.988000e1,-1.027434e2,-3.266252e2
3.992000e1,-1.066588e2,-3.254823e2
3.996000e1,-1.101047e2,-3.240681e2
4.000000e1,-1.134169e2,-3.231539e2
4.004000e1,-1.166134e2,-3.212880e2
4.008000e1,-1.203729e2,-3.198605e2
4.012000e1,-1.233812e2,-3.178358e2
4.016000e1,-1.270148e2,-3.170535e2
4.020000e1,-1.301418e2,-3.157203e2
4.024000e1,-1.330795e2,-3.144564e2
4.028000e1,-1.364909e2,-3.122703e2
4.032000e1,-1.402273e2,-3.112117e2
4.036000e1,-1.426737e2,-3.091651e2
4.040000e1,-1.463260e2,-3.083274e2
4.044000e1,-1.493537e2,-3.057396e2
4.048000e1,-1.521855e2,-3.034609e2
4.052000e1,-1.548075e2,-3.020815e2
4.056000e1,-1.580882e2,-3.004815e2
4.060000e1,-1.608726e2,-2.981722e2
4.064000e1,-1.639919e2,-2.965473e2
4.068000e1,-1.671540e2,-2.943233e2
4.072000e1,-1.695437e2,-2.933358e2
4.076000e1,-1.725085e2,-2.903033e2
4.080000e1,-1.756595e2,-2.899751e2
4.084000e1,-1.780620e2,-2.869915e2
4.088000e1,-1.800048e2,-2.862162e2
4.092000e1,-1.828398e2,-2.835430e2
4.096000e1,-1.856591e2,-2.812534e2
4.100000e1,-1.878388e2,-2.800352e2
4.104000e1,-1.902755e2,-2.776796e2
4.108000e1,-1.924168e2,-2.761431e2
4.112000e1,-1.950550e2,-2.742957e2
4.116000e1,-1.970559e2,-2.722219e2
4.120000e1,-1.997317e2,-2.702578e2
4.124000e1,-2.022095e2,-2.683106e2
4.128000e1,-2.040875e2,-2.666770e2
4.132000e1,-2.059972e2,-2.653741e2
4.136000e1,-2.087097e2,-2.633590e2
4.140000e1,-2.109086e2,-2.620652e2
4.144000e1,-2.134268e2,-2.602091e2
4.148000e1,-2.151734e2,-2.582298e2
4.152000e1,-2.171736e2,-2.557611e2
4.156000e1,-2.187210e2,-2.544067e2
4.160000e1,-2.214920e2,-2.529147e2
4.164000e1,-2.225878e2,-2.512059e2
4.168000e1,-2.243469e2,-2.493546e2
4.172000e1,-2.268112e2,-2.470566e2
4.176000e1,-2.287057e2,-2.454348e2
4.180000e1,-2.298595e2,-2.430511e2
4.184000e1,-2.320930e2,-2.412268e2
4.188000e1,-2.346916e2,-2.393302e2
4.192000e1,-2.355458e2,-2.376123e2
4.196000e1,-2.376222e2,-2.362963e2
4.200000e1,-2.396092e2,-2.339426e2
4.204000e1,-2.402483e2,-2.317649e2
4.208000e1,-2.415970e2,-2.306161e2
4.212000e1,-2.435142e2,-2.283952e2
4.216000e1,-2.453691e2,-2.265286e2
4.220000e1,-2.464691e2,-2.244255e2
4.224000e1,-2.485195e2,-2.225074e2
4.228000e1,-2.498167e2,-2.204068e2
4.232000e1,-2.511608e2,-2.183447e2
4.236000e1,-2.526461e2,-2.164722e2
4.240000e1,-2.544571e2,-2.143468e2
4.244000e1,-2.554442e2,-2.123382e2
4.248000e1,-2.566090e2,-2.104719e2
4.252000e1,-2.581845e2,-2.084982e2
4.256000e1,-2.593518e2,-2.063741e2
4.260000e1,-2.602683e2,-2.050764e2
4.264000e1,-2.621528e2,-2.038238e2
4.268000e1,-2.630859e2,-2.017569e2
4.272000e1,-2.643535e2,-1.997702e2
4.276000e1,-2.656373e2,-1.984179e2
4.280000e1,-2.668494e2,-1.962839e2
4.284000e1,-2.681468e2,-1.944690e2
4.288000e1,-2.698285e2,-1.924368e2
4.292000e1,-2.709680e2,-1.904418e2
4.296000e1,-2.717698e2,-1.890929e2
4.300000e1,-2.729294e2,-1.872287e2
4.304000e1,-2.742794e2,-1.860735e2
4.308000e1,-2.755112e2,-1.836589e2
4.312000e1,-2.767576e2,-1.821975e2
4.316000e1,-2.776224e2,-1.804376e2
4.320000e1,-2.789681e2,-1.781406e2
4.324000e1,-2.798474e2,-1.761263e2
4.328000e1,-2.807746e2,-1.744866e2
4.332000e1,-2.816433e2,-1.726139e2
4.336000e1,-2.824968e2,-1.703429e2
4.340000e1,-2.840252e2,-1.682981e2
4.344000e1,-2.846733e2,-1.660641e2
4.348000e1,-2.855315e2,-1.640172e2
4.352000e1,-2.861383e2,-1.622774e2
4.356000e1,-2.866749e2,-1.599109e2
4.360000e1,-2.880091e2,-1.587101e2
4.364000e1,-2.886798e2,-1.568086e2
4.368000e1,-2.896676e2,-1.546131e2
4.372000e1,-2.901652e2,-1.531450e2
4.376000e1,-2.912383e2,-1.507420e2
4.380000e1,-2.917014e2,-1.485506e2
4.384000e1,-2.934223e2,-1.476233e2
4.388000e1,-2.931600e2,-1.452347e2
4.392000e1,-2.942403e2,-1.428925e2
4.396000e1,-2.951425e2,-1.407461e2
4.400000e1,-2.959186e2,-1.400916e2
4.404000e1,-2.959246e2,-1.370681e2
4.408000e1,-2.972345e2,-1.349281e2
4.412000e1,-2.981126e2,-1.333263e2
4.416000e1,-2.988883e2,-1.311954e2
4.420000e1,-2.989189e2,-1.283742e2
4.424000e1,-3.002671e2,-1.269094e2
4.428000e1,-3.011801e2,-1.248436e2
4.432000e1,-3.018515e2,-1.221896e2
4.436000e1,-3.031388e2,-1.206741e2
4.440000e1,-3.026003e2,-1.186064e2
4.444000e1,-3.051761e2,-1.168021e2
4.448000e1,-3.049572e2,-1.144827e2
4.452000e1,-3.060855e2,-1.125043e2
4.456000e1,-3.075222e2,-1.092030e2
4.460000e1,-3.083293e2,-1.075142e2
4.464000e1,-3.091367e2,-1.047751e2
4.468000e1,-3.094421e2,-1.029653e2
4.472000e1,-3.101585e2,-1.001184e2
4.476000e1,-3.106848e2,-9.796368e1
4.480000e1,-3.112208e2,-9.492711e1
4.484000e1,-3.116745e2,-9.336876e1
4.488000e1,-3.130980e2,-9.070743e1
4.492000e1,-3.144669e2,-8.855645e1
4.496000e1,-3.146856e2,-8.604770e1
4.500000e1,-3.150848e2,-8.364805e1
4.504000e1,-3.158187e2,-8.180963e1
4.508000e1,-3.166117e2,-7.868262e1
4.512000e1,-3.169199e2,-7.589796e1
4.516000e1,-3.182976e2,-7.396358e1
4.520000e1,-3.189311e2,-7.129796e1
4.524000e1,-3.191752e2,-6.854574e1
4.528000e1,-3.201702e2,-6.575017e1
4.532000e1,-3.205771e2,-6.344951e1
4.536000e1,-3.210974e2,-6.012120e1
4.540000e1,-3.214768e2,-5.735518e1
4.544000e1,-3.226732e2,-5.461583e1
4.548000e1,-3.227349e2,-5.183065e1
4.552000e1,-3.228707e2,-4.889749e1
4.556000e1,-3.238731e2,-4.576539e1
4.560000e1,-3.242433e2,-4.258037e1
4.564000e1,-3.244157e2,-4.046325e1
4.568000e1,-3.252529e2,-3.742558e1
4.572000e1,-3.260176e2,-3.395746e1
4.576000e1,-3.261926e2,-3.092253e1
4.580000e1,-3.274633e2,-2.799314e1
4.584000e1,-3.272018e2,-2.473506e1
4.588000e1,-3.271868e2,-2.111936e1
4.592000e1,-3.269019e2,-1.820209e1
4.596000e1,-3.280471e2,-1.533621e1
4.600000e1,-3.279042e2,-1.194852e1
4.604000e1,-3.286217e2,-8.568616e0
4.608000e1,-3.286959e2,-4.944711e0
4.612000e1,-3.282668e2,-2.169783e0
4.616000e1,-3.290960e2,1.254605e0
4.620000e1,-3.284739e2,4.149740e0
4.624000e1,-3.285209e2,7.575968e0
4.628000e1,-3.283081e2,1.132969e1
4.632000e1,-3.281802e2,1.512435e1
4.636000e1,-3.281209e2,1.826854e1
4.640000e1,-3.276085e2,2.139006e1
4.644000e1,-3.277773e2,2.541091e1
4.648000e1,-3.277998e2,2.873222e1
4.652000e1,-3.271985e2,3.197119e1
4.656000e1,-3.268611e2,3.608643e1
4.660000e1,-3.266492e2,3.954970e1
4.664000e1,-3.263339e2,4.369712e1
4.668000e1,-3.256848e2,4.677558e1
4.672000e1,-3.254407e2,5.032345e1
4.676000e1,-3.247204e2,5.400808e1
4.680000e1,-3.239116e2,5.751839e1
4.684000e1,-3.238331e2,6.143730e1
4.688000e1,-3.233138e2,6.485344e1
4.692000e1,-3.233310e2,6.881786e1
4.696000e1,-3.224587e2,7.245446e1
4.700000e1,-3.215473e2,7.553633e1
4.704000e1,-3.203140e2,8.012899e1
4.708000e1,-3.199374e2,8.386179e1
4.712000e1,-3.197053e2,8.743228e1
4.716000e1,-3.184838e2,9.168460e1
4.720000e1,-3.177373e2,9.522431e1
4.724000e1,-3.157747e2,9.887783e1
4.728000e1,-3.149980e2,1.022088e2
4.732000e1,-3.137259e2,1.062176e2
4.736000e1,-3.121603e2,1.104287e2
4.740000e1,-3.110703e2,1.131350e2
4.744000e1,-3.096040e2,1.172053e2
4.748000e1,-3.090545e2,1.204361e2
4.752000e1,-3.076524e2,1.240910e2
4.756000e1,-3.060475e2,1.278837e2
4.760000e1,-3.047461e2,1.312057e2
4.764000e1,-3.031588e2,1.349899e2
4.768000e1,-3.024043e2,1.395380e2
4.772000e1,-3.001957e2,1.425844e2
4.776000e1,-2.989810e2,1.470909e2
4.780000e1,-2.971059e2,1.499710e2
4.784000e1,-2.961331e2,1.539326e2
4.788000e1,-2.940141e2,1.574959e2
4.792000e1,-2.931652e2,1.619740e2
4.796000e1,-2.911415e2,1.651699e2
4.800000e1,-2.886376e2,1.683407e2
4.804000e1,-2.864992e2,1.719673e2
4.808000e1,-2.841111e2,1.764126e2
4.812000e1,-2.824500e2,1.788928e2
4.816000e1,-2.806982e2,1.831884e2
4.820000e1,-2.785406e2,1.859141e2
4.824000e1,-2.766428e2,1.894831e2
4.828000e1,-2.738566e2,1.932595e2
4.832000e1,-2.722532e2,1.970287e2
4.836000e1,-2.694904e2,1.990969e2
4.840000e1,-2.669465e2,2.023223e2
4.844000e1,-2.656572e2,2.078044e2
4.848000e1,-2.626218e2,2.099376e2
4.852000e1,-2.603251e2,2.120003e2
4.856000e1,-2.584588e2,2.150117e2
4.860000e1,-2.550994e2,2.190882e2
4.864000e1,-2.527107e2,2.214827e2
4.868000e1,-2.497934e2,2.239090e2
4.872000e1,-2.477379e2,2.270724e2
4.876000e1,-2.449673e2,2.302820e2
4.880000e1,-2.423506e2,2.340964e2
4.884000e1,-2.405655e2,2.366786e2
4.888000e1,-2.372724e2,2.384154e2
4.892000e1,-2.345786e2,2.419899e2
4.896000e1,-2.323287e2,2.453796e2
4.900000e1,-2.290814e2,2.470822e2
4.904000e1,-2.267111e2,2.487324e2
4.908000e1,-2.251126e2,2.529059e2
4.912000e1,-2.235083e2,2.577490e2
4.916000e1,-2.196837e2,2.575307e2
4.920000e1,-2.163899e2,2.593619e2
4.924000e1,-2.146398e2,2.628707e2
4.928000e1,-2.114761e2,2.661247e2
4.932000e1,-2.086968e2,2.676763e2
4.936000e1,-2.055703e2,2.698139e2
4.940000e1,-2.022242e2,2.721336e2
4.944000e1,-1.999663e2,2.762297e2
4.948000e1,-1.971238e2,2.773270e2
4.952000e1,-1.945754e2,2.793017e2
4.956000e1,-1.927969e2,2.830120e2
4.960000e1,-1.900256e2,2.850601e2
4.964000e1,-1.873929e2,2.863099e2
4.968000e1,-1.845244e2,2.891862e2
4.972000e1,-1.815347e2,2.899765e2
4.976000e1,-1.795529e2,2.927006e2
4.980000e1,-1.754308e2,2.932363e2
4.984000e1,-1.736485e2,2.948065e2
4.988000e1,-1.712772e2,2.982627e2
4.992000e1,-1.689419e2,3.003650e2
4.996000e1,-1.664057e2,3.012976e2
5.000000e1,-1.639981e2,3.032581e2
5.004000e1,-1.615686e2,3.046236e2
5.008000e1,-1.583136e2,3.060220e2
5.012000e1,-1.554014e2,3.067068e2
5.016000e1,-1.534170e2,3.098022e2
5.020000e1,-1.495345e2,3.099261e2
5.024000e1,-1.462981e2,3.104023e2
5.028000e1,-1.444364e2,3.136264e2
5.032000e1,-1.415569e2,3.157226e2
5.036000e1,-1.384230e2,3.162875e2
5.040000e1,-1.357194e2,3.176903e2
5.044000e1,-1.331600e2,3.210228e2
5.048000e1,-1.297302e2,3.206027e2
5.052000e1,-1.266959e2,3.195247e2
5.056000e1,-1.244951e2,3.228735e2
5.060000e1,-1.223732e2,3.260585e2
5.064000e1,-1.196037e2,3.255036e2
5.068000e1,-1.166346e2,3.261711e2
5.072000e1,-1.141377e2,3.267726e2
5.076000e1,-1.114726e2,3.282244e2
5.080000e1,-1.095746e2,3.302260e2
5.084000e1,-1.065878e2,3.295671e2
5.088000e1,-1.037130e2,3.297950e2
5.092000e1,-1.013449e2,3.323800e2
5.096000e1,-9.863059e1,3.325923e2
5.100000e1,-9.550815e1,3.329213e2
5.104000e1,-9.368397e1,3.347385e2
5.108000e1,-8.976483e1,3.336147e2
5.112000e1,-8.744123e1,3.356657e2
5.116000e1,-8.450919e1,3.360276e2
5.120000e1,-8.230214e1,3.381501e2
5.124000e1,-8.054849e1,3.397595e2
5.128000e1,-7.719309e1,3.401625e2
5.132000e1,-7.419681e1,3.403633e2
5.136000e1,-7.210145e1,3.413003e2
5.140000e1,-6.940429e1,3.412565e2
5.144000e1,-6.730904e1,3.417199e2
5.148000e1,-6.523538e1,3.441743e2
5.152000e1,-6.167500e1,3.424794e2
5.156000e1,-6.024799e1,3.452900e2
5.160000e1,-5.839030e1,3.465335e2
5.164000e1,-5.542022e1,3.462266e2
5.168000e1,-5.244398e1,3.454175e2
5.172000e1,-5.008315e1,3.459690e2
5.176000e1,-4.846167e1,3.464660e2
5.180000e1,-4.617166e1,3.482202e2
5.184000e1,-4.363886e1,3.481145e2
5.188000e1,-4.139249e1,3.477658e2
5.192000e1,-3.904494e1,3.492286e2
5.196000e1,-3.709111e1,3.495373e2
5.200000e1,-3.520631e1,3.500125e2
5.204000e1,-3.303181e1,3.502124e2
5.208000e1,-3.068195e1,3.493632e2
5.212000e1,-2.870619e1,3.506192e2
5.216000e1,-2.660885e1,3.507420e2
5.220000e1,-2.445596e1,3.510224e2
5.224000e1,-2.276702e1,3.510823e2
5.228000e1,-2.064291e1,3.530864e2
5.232000e1,-1.850715e1,3.527683e2
5.236000e1,-1.638860e1,3.509042e2
5.240000e1,-1.430571e1,3.535063e2
5.244000e1,-1.253717e1,3.531770e2
5.248000e1,-1.053902e1,3.531463e2
5.252000e1,-8.617776e0,3.530788e2
5.256000e1,-7.104088e0,3.521637e2
5.260000e1,-5.161646e0,3.531271e2
5.264000e1,-3.605119e0,3.552297e2
5.268000e1,-1.608095e0,3.537726e2
5.272000e1,4.265646e-1,3.530825e2
5.276000e1,1.731030e0,3.531551e2
5.280000e1,3.581478e0,3.554000e2
5.284000e1,5.582441e0,3.546711e2
5.288000e1,7.489557e0,3.536585e2
5.292000e1,9.598489e0,3.537848e2
5.296000e1,1.134606e1,3.566143e2
5.300000e1,1.351521e1,3.541710e2
5.304000e1,1.534218e1,3.558225e2
5.308000e1,1.729177e1,3.551551e2
5.312000e1,1.935637e1,3.535009e2
5.316000e1,2.151042e1,3.543322e2
5.320000e1,2.353712e1,3.537397e2
5.324000e1,2.556850e1,3.541432e2
5.328000e1,2.744080e1,3.538004e2
5.332000e1,2.976739e1,3.534676e2
5.336000e1,3.148727e1,3.524786e2
5.340000e1,3.415132e1,3.533395e2
5.344000e1,3.614567e1,3.525881e2
5.348000e1,3.768428e1,3.530213e2
5.352000e1,3.994867e1,3.529242e2
5.356000e1,4.224435e1,3.524535e2
5.360000e1,4.428795e1,3.517312e2
5.364000e1,4.674236e1,3.517896e2
5.368000e1,4.889838e1,3.520597e2
5.372000e1,5.063156e1,3.516268e2
5.376000e1,5.293602e1,3.522898e2
5.380000e1,5.534553e1,3.513736e2
5.384000e1,5.741003e1,3.515692e2
5.388000e1,5.958160e1,3.515607e2
5.392000e1,6.193433e1,3.516554e2
5.396000e1,6.401057e1,3.509451e2
5.400000e1,6.584484e1,3.503478e2
5.404000e1,6.833359e1,3.504725e2
5.408000e1,7.044721e1,3.500545e2
5.412000e1,7.278086e1,3.496247e2
5.416000e1,7.446781e1,3.493994e2
5.420000e1,7.703026e1,3.495023e2
5.424000e1,7.868808e1,3.489782e2
5.428000e1,8.077624e1,3.480926e2
5.432000e1,8.323123e1,3.481751e2
5.436000e1,8.565802e1,3.482096e2
5.440000e1,8.781907e1,3.474615e2
5.444000e1,9.005247e1,3.466998e2
5.448000e1,9.195900e1,3.463386e2
5.452000e1,9.432540e1,3.468073e2
5.456000e1,9.728678e1,3.462147e2
5.460000e1,9.918633e1,3.454335e2
5.464000e1,1.024475e2,3.465994e2
5.468000e1,1.048261e2,3.446190e2
5.472000e1,1.072048e2,3.443818e2
5.476000e1,1.103773e2,3.446448e2
5.480000e1,1.128178e2,3.425909e2
5.484000e1,1.153822e2,3.436253e2
5.488000e1,1.178825e2,3.426380e2
5.492000e1,1.203392e2,3.411656e2
5.496000e1,1.235859e2,3.417799e2
5.500000e1,1.254070e2,3.394302e2
5.504000e1,1.285091e2,3.390938e2
5.508000e1,1.312661e2,3.378624e2
5.512000e1,1.345479e2,3.369455e2
5.516000e1,1.373297e2,3.355534e2
5.520000e1,1.405100e2,3.366132e2
5.524000e1,1.426744e2,3.337052e2
5.528000e1,1.457549e2,3.332363e2
5.532000e1,1.488727e2,3.313730e2
5.536000e1,1.516309e2,3.305239e2
5.540000e1,1.548157e2,3.293983e2
5.544000e1,1.575854e2,3.290771e2
5.548000e1,1.603631e2,3.269984e2
5.552000e1,1.633117e2,3.260440e2
5.556000e1,1.667331e2,3.250669e2
5.560000e1,1.696475e2,3.237748e2
5.564000e1,1.723626e2,3.229369e2
5.568000e1,1.752965e2,3.208393e2
5.572000e1,1.785373e2,3.201519e2
5.576000e1,1.814683e2,3.185072e2
5.580000e1,1.845999e2,3.183618e2
5.584000e1,1.875107e2,3.164532e2
5.588000e1,1.904390e2,3.145636e2
5.592000e1,1.933402e2,3.133535e2
5.596000e1,1.972749e2,3.121715e2
5.600000e1,1.997331e2,3.099894e2
5.604000e1,2.032039e2,3.091364e2
5.608000e1,2.059262e2,3.060454e2
5.612000e1,2.086025e2,3.043127e2
5.616000e1,2.117507e2,3.022187e2
5.620000e1,2.142262e2,3.000614e2
5.624000e1,2.172401e2,2.983375e2
5.628000e1,2.201878e2,2.963161e2
5.632000e1,2.229570e2,2.928329e2
5.636000e1,2.257019e2,2.913144e2
5.640000e1,2.293899e2,2.903418e2
5.644000e1,2.320689e2,2.881369e2
5.648000e1,2.345417e2,2.847993e2
5.652000e1,2.380535e2,2.830600e2
5.656000e1,2.402152e2,2.813524e2
5.660000e1,2.434877e2,2.785886e2
5.664000e1,2.457795e2,2.759582e2
5.668000e1,2.482026e2,2.737837e2
5.672000e1,2.515360e2,2.716903e2
5.676000e1,2.536735e2,2.686862e2
5.680000e1,2.560778e2,2.661644e2
5.684000e1,2.592094e2,2.632858e2
5.688000e1,2.615557e2,2.603759e2
5.692000e1,2.638693e2,2.575485e2
5.696000e1,2.659693e2,2.550497e2
5.700000e1,2.686436e2,2.520799e2
5.704000e1,2.704564e2,2.491016e2
5.708000e1,2.733844e2,2.459877e2
5.712000e1,2.761266e2,2.432846e2
5.716000e1,2.790513e2,2.394073e2
5.720000e1,2.813666e2,2.360118e2
5.724000e1,2.837673e2,2.335932e2
5.728000e1,2.863424e2,2.298021e2
5.732000e1,2.894199e2,2.266377e2
5.736000e1,2.922067e2,2.236846e2
5.740000e1,2.951989e2,2.200185e2
5.744000e1,2.978767e2,2.165477e2
5.748000e1,3.006302e2,2.133627e2
5.752000e1,3.027829e2,2.095981e2
5.756000e1,3.053373e2,2.066649e2
5.760000e1,3.080482e2,2.032607e2
5.764000e1,3.097878e2,1.999985e2
5.768000e1,3.121545e2,1.971152e2
5.772000e1,3.139730e2,1.936140e2
5.776000e1,3.161371e2,1.906882e2
5.780000e1,3.178441e2,1.874327e2
5.784000e1,3.201467e2,1.840527e2
5.788000e1,3.219724e2,1.807340e2
5.792000e1,3.243961e2,1.775183e2
5.796000e1,3.263299e2,1.742990e2
5.800000e1,3.287777e2,1.704688e2
5.804000e1,3.306131e2,1.671301e2
5.808000e1,3.327074e2,1.636952e2
5.812000e1,3.344012e2,1.599597e2
5.816000e1,3.363816e2,1.567324e2
5.820000e1,3.378045e2,1.531542e2
5.824000e1,3.397687e2,1.496761e2
5.828000e1,3.407733e2,1.460982e2
5.832000e1,3.421216e2,1.425244e2
5.836000e1,3.433287e2,1.392206e2
5.840000e1,3.448849e2,1.353152e2
5.844000e1,3.462817e2,1.316765e2
5.848000e1,3.475862e2,1.275387e2
5.852000e1,3.487268e2,1.238276e2
5.856000e1,3.499190e2,1.200943e2
5.860000e1,3.508199e2,1.164311e2
5.864000e1,3.517182e2,1.124231e2
5.868000e1,3.527124e2,1.085262e2
5.872000e1,3.537115e2,1.052409e2
5.876000e1,3.547383e2,1.012823e2
5.880000e1,3.557079e2,9.728184e1
5.884000e1,3.564396e2,9.378627e1
5.888000e1,3.576857e2,8.976964e1
5.892000e1,3.586912e2,8.616722e1
5.896000e1,3.594314e2,8.253817e1
5.900000e1,3.605397e2,7.884830e1
5.904000e1,3.614459e2,7.503734e1
5.908000e1,3.620922e2,7.106464e1
5.912000e1,3.628105e2,6.738346e1
5.916000e1,3.635154e2,6.331308e1
5.920000e1,3.642390e2,5.922273e1
5.924000e1,3.650102e2,5.537818e1
5.928000e1,3.654408e2,5.123146e1
5.932000e1,3.657466e2,4.757201e1
5.936000e1,3.661702e2,4.416309e1
5.940000e1,3.664197e2,4.047160e1
5.944000e1,3.667801e2,3.692674e1
5.948000e1,3.669349e2,3.354274e1
5.952000e1,3.671517e2,2.993719e1
5.956000e1,3.669360e2,2.653666e1
5.960000e1,3.675116e2,2.328990e1
5.964000e1,3.678008e2,1.982674e1
5.968000e1,3.678726e2,1.652738e1
5.972000e1,3.678317e2,1.330026e1
5.976000e1,3.684703e2,9.443363e0
5.980000e1,3.683955e2,6.261923e0
5.984000e1,3.684917e2,2.744734e0
5.988000e1,3.690054e2,-1.163702e-1
5.992000e1,3.684493e2,-3.647212e0
5.996000e1,3.687973e2,-6.951801e0
6.000000e1,3.688389e2,-1.006127e1
6.004000e1,3.688519e2,-1.330271e1
6.008000e1,3.689097e2,-1.619037e1
6.012000e1,3.686283e2,-1.945282e1
6.016000e1,3.685901e2,-2.269636e1
6.020000e1,3.686192e2,-2.600220e1
6.024000e1,3.683611e2,-2.906539e1
6.028000e1,3.680115e2,-3.232794e1
6.032000e1,3.678298e2,-3.504043e1
6.036000e1,3.679073e2,-3.794855e1
6.040000e1,3.668055e2,-4.115716e1
6.044000e1,3.663602e2,-4.410759e1
6.048000e1,3.660155e2,-4.736065e1
6.052000e1,3.656717e2,-4.999308e1
6.056000e1,3.651471e2,-5.332023e1
6.060000e1,3.650424e2,-5.568590e1
6.064000e1,3.641374e2,-5.900952e1
6.068000e1,3.637833e2,-6.135826e1
6.072000e1,3.629394e2,-6.374264e1
6.076000e1,3.626472e2,-6.681981e1
6.080000e1,3.625034e2,-6.898057e1
6.084000e1,3.617949e2,-7.224546e1
6.088000e1,3.611308e2,-7.574072e1
6.092000e1,3.603126e2,-7.733720e1
6.096000e1,3.598855e2,-7.995222e1
6.100000e1,3.594657e2,-8.242327e1
6.104000e1,3.586625e2,-8.422471e1
6.108000e1,3.582803e2,-8.706894e1
6.112000e1,3.581174e2,-8.926219e1
6.116000e1,3.571638e2,-9.250282e1
6.120000e1,3.560898e2,-9.503139e1
6.124000e1,3.550881e2,-9.640056e1
6.128000e1,3.541045e2,-9.984391e1
6.132000e1,3.536643e2,-1.018113e2
6.136000e1,3.530802e2,-1.045352e2
6.140000e1,3.524973e2,-1.062893e2
6.144000e1,3.514615e2,-1.081480e2
6.148000e1,3.511555e2,-1.100672e2
6.152000e1,3.508643e2,-1.127521e2
6.156000e1,3.491029e2,-1.151903e2
6.160000e1,3.487871e2,-1.181436e2
6.164000e1,3.479208e2,-1.190075e2
6.168000e1,3.471619e2,-1.213420e2
6.172000e1,3.460405e2,-1.236429e2
6.176000e1,3.453781e2,-1.254226e2
6.180000e1,3.444823e2,-1.276217e2
6.184000e1,3.439882e2,-1.298916e2
6.188000e1,3.434953e2,-1.314630e2
6.192000e1,3.425205e2,-1.330381e2
6.196000e1,3.419779e2,-1.348818e2
6.200000e1,3.414338e2,-1.370088e2
6.204000e1,3.406697e2,-1.392715e2
6.208000e1,3.396037e2,-1.411572e2
6.212000e1,3.386811e2,-1.439932e2
6.216000e1,3.374397e2,-1.454783e2
6.220000e1,3.373469e2,-1.471522e2
6.224000e1,3.363051e2,-1.490580e2
6.228000e1,3.358276e2,-1.502946e2
6.232000e1,3.354911e2,-1.522890e2
6.236000e1,3.339278e2,-1.537168e2
6.240000e1,3.334076e2,-1.553731e2
6.244000e1,3.322868e2,-1.568226e2
6.248000e1,3.317333e2,-1.592223e2
6.252000e1,3.302352e2,-1.612937e2
6.256000e1,3.301098e2,-1.630045e2
6.260000e1,3.285098e2,-1.635076e2
6.264000e1,3.277224e2,-1.664319e2
6.268000e1,3.272966e2,-1.682706e2
6.272000e1,3.255219e2,-1.697449e2
6.276000e1,3.250515e2,-1.702909e2
6.280000e1,3.235433e2,-1.723752e2
6.284000e1,3.225371e2,-1.740101e2
6.288000e1,3.217691e2,-1.761041e2
6.292000e1,3.204603e2,-1.781894e2
6.296000e1,3.195301e2,-1.790184e2
6.300000e1,3.187007e2,-1.811469e2
6.304000e1,3.175299e2,-1.824814e2
6.308000e1,3.165547e2,-1.846443e2
6.312000e1,3.159331e2,-1.859240e2
6.316000e1,3.140540e2,-1.876752e2
6.320000e1,3.134911e2,-1.899452e2
6.324000e1,3.124229e2,-1.917389e2
6.328000e1,3.108963e2,-1.934031e2
6.332000e1,3.096853e2,-1.950569e2
6.336000e1,3.086199e2,-1.966063e2
6.340000e1,3.080098e2,-1.985579e2
6.344000e1,3.061111e2,-1.998193e2
6.348000e1,3.054375e2,-2.015286e2
6.352000e1,3.040596e2,-2.032247e2
6.356000e1,3.030113e2,-2.050121e2
6.360000e1,3.012905e2,-2.064613e2
6.364000e1,2.999965e2,-2.082533e2
6.368000e1,2.989120e2,-2.094941e2
6.372000e1,2.975151e2,-2.115196e2
6.376000e1,2.966045e2,-2.125142e2
6.380000e1,2.952287e2,-2.150543e2
6.384000e1,2.940165e2,-2.165404e2
6.388000e1,2.926348e2,-2.183857e2
6.392000e1,2.912994e2,-2.195037e2
6.396000e1,2.900536e2,-2.210258e2
6.400000e1,2.889697e2,-2.221621e2
6.404000e1,2.871188e2,-2.241204e2
6.408000e1,2.857381e2,-2.260640e2
6.412000e1,2.845994e2,-2.274261e2
6.416000e1,2.831419e2,-2.292600e2
6.420000e1,2.817711e2,-2.300882e2
6.424000e1,2.803312e2,-2.326643e2
6.428000e1,2.787645e2,-2.340412e2
6.432000e1,2.771407e2,-2.354547e2
6.436000e1,2.759668e2,-2.368111e2
6.440000e1,2.745492e2,-2.383449e2
6.444000e1,2.725036e2,-2.399878e2
6.448000e1,2.713257e2,-2.423416e2
6.452000e1,2.706097e2,-2.435959e2
6.456000e1,2.690322e2,-2.447574e2
6.460000e1,2.666013e2,-2.469132e2
6.464000e1,2.651383e2,-2.476793e2
6.468000e1,2.628975e2,-2.501057e2
6.472000e1,2.615215e2,-2.515203e2
6.476000e1,2.599678e2,-2.532435e2
6.480000e1,2.579897e2,-2.541540e2
6.484000e1,2.561196e2,-2.562459e2
6.488000e1,2.544044e2,-2.575848e2
6.492000e1,2.526972e2,-2.593960e2
6.496000e1,2.507114e2,-2.605556e2
6.500000e1,2.489297e2,-2.619486e2
6.504000e1,2.465680e2,-2.641987e2
6.508000e1,2.449838e2,-2.656637e2
6.512000e1,2.424438e2,-2.672800e2
6.516000e1,2.406094e2,-2.691824e2
6.520000e1,2.386935e2,-2.705102e2
6.524000e1,2.363346e2,-2.717548e2
6.528000e1,2.341023e2,-2.742844e2
6.532000e1,2.316244e2,-2.752296e2
6.536000e1,2.298877e2,-2.772046e2
6.540000e1,2.272801e2,-2.790119e2
6.544000e1,2.250080e2,-2.814159e2
6.548000e1,2.222147e2,-2.821211e2
6.552000e1,2.202301e2,-2.840379e2
6.556000e1,2.177715e2,-2.853125e2
6.560000e1,2.157305e2,-2.874447e2
6.564000e1,2.127205e2,-2.886747e2
6.568000e1,2.104874e2,-2.903971e2
6.572000e1,2.076843e2,-2.922493e2
6.576000e1,2.050859e2,-2.940438e2
6.580000e1,2.024443e2,-2.953355e2
6.584000e1,2.001941e2,-2.968777e2
6.588000e1,1.979685e2,-2.979092e2
6.592000e1,1.947390e2,-3.001660e2
6.596000e1,1.922201e2,-3.013094e2
6.600000e1,1.896885e2,-3.025495e2
6.604000e1,1.871628e2,-3.041969e2
6.608000e1,1.840323e2,-3.060229e2
6.612000e1,1.810108e2,-3.075715e2
6.616000e1,1.782823e2,-3.095824e2
6.620000e1,1.752756e2,-3.111143e2
6.624000e1,1.724819e2,-3.122731e2
6.628000e1,1.693701e2,-3.144091e2
6.632000e1,1.666354e2,-3.146622e2
6.636000e1,1.634617e2,-3.173892e2
6.640000e1,1.602180e2,-3.192536e2
6.644000e1,1.575001e2,-3.206637e2
6.648000e1,1.542192e2,-3.225047e2
6.652000e1,1.510358e2,-3.228567e2
6.656000e1,1.469419e2,-3.242608e2
6.660000e1,1.439773e2,-3.252967e2
6.664000e1,1.407734e2,-3.265742e2
6.668000e1,1.375925e2,-3.284436e2
6.672000e1,1.340814e2,-3.288004e2
6.676000e1,1.304347e2,-3.301078e2
6.680000e1,1.273520e2,-3.313615e2
6.684000e1,1.241968e2,-3.324187e2
6.688000e1,1.208731e2,-3.338835e2
6.692000e1,1.173544e2,-3.343858e2
6.696000e1,1.143466e2,-3.352639e2
6.700000e1,1.107480e2,-3.361506e2
6.704000e1,1.074469e2,-3.366400e2
6.708000e1,1.040191e2,-3.372430e2
6.712000e1,1.007004e2,-3.390820e2
6.716000e1,9.670956e1,-3.391927e2
6.720000e1,9.334814e1,-3.398321e2
6.724000e1,9.004453e1,-3.403624e2
6.728000e1,8.637328e1,-3.412789e2
6.732000e1,8.255941e1,-3.416673e2
6.736000e1,7.926931e1,-3.426653e2
6.740000e1,7.537948e1,-3.431256e2
6.744000e1,7.202808e1,-3.437918e2
6.748000e1,6.796159e1,-3.438964e2
6.752000e1,6.445652e1,-3.454251e2
6.756000e1,6.119718e1,-3.444739e2
6.760000e1,5.760011e1,-3.447086e2
6.764000e1,5.373744e1,-3.456128e2
6.768000e1,4.985975e1,-3.454274e2
6.772000e1,4.676048e1,-3.489028e2
6.776000e1,4.233270e1,-3.456675e2
6.780000e1,3.821431e1,-3.464452e2
6.784000e1,3.536750e1,-3.466966e2
6.788000e1,3.088507e1,-3.465084e2
6.792000e1,2.720203e1,-3.469976e2
6.796000e1,2.380104e1,-3.468055e2
6.800000e1,1.990471e1,-3.464216e2
6.804000e1,1.603859e1,-3.465767e2
6.808000e1,1.227241e1,-3.470077e2
6.812000e1,8.572474e0,-3.468425e2
6.816000e1,5.497871e0,-3.465036e2
6.820000e1,1.273943e0,-3.465308e2
6.824000e1,-2.247248e0,-3.453434e2
6.828000e1,-6.091528e0,-3.457156e2
6.832000e1,-9.293312e0,-3.479939e2
6.836000e1,-1.369551e1,-3.451885e2
6.840000e1,-1.717652e1,-3.440975e2
6.844000e1,-2.116388e1,-3.436179e2
6.848000e1,-2.550092e1,-3.441993e2
6.852000e1,-2.894061e1,-3.428967e2
6.856000e1,-3.197475e1,-3.433014e2
6.860000e1,-3.618614e1,-3.431285e2
6.864000e1,-4.003720e1,-3.422636e2
6.868000e1,-4.305428e1,-3.412050e2
6.872000e1,-4.710909e1,-3.408308e2
6.876000e1,-5.087611e1,-3.403765e2
6.880000e1,-5.461531e1,-3.405041e2
6.884000e1,-5.856260e1,-3.394016e2
6.888000e1,-6.160530e1,-3.378069e2
6.892000e1,-6.477311e1,-3.373376e2
6.896000e1,-6.901046e1,-3.365400e2
6.900000e1,-7.194120e1,-3.356895e2
6.904000e1,-7.597746e1,-3.342294e2
6.908000e1,-7.954668e1,-3.338678e2
6.912000e1,-8.270903e1,-3.336304e2
6.916000e1,-8.593320e1,-3.326839e2
6.920000e1,-8.980150e1,-3.312834e2
6.924000e1,-9.318701e1,-3.302344e2
6.928000e1,-9.609240e1,-3.294424e2
6.932000e1,-9.949560e1,-3.280718e2
6.936000e1,-1.036580e2,-3.272634e2
6.940000e1,-1.061518e2,-3.254350e2
6.944000e1,-1.091995e2,-3.245995e2
6.948000e1,-1.127384e2,-3.236145e2
6.952000e1,-1.161182e2,-3.222107e2
6.956000e1,-1.189590e2,-3.211161e2
6.960000e1,-1.229881e2,-3.200067e2
6.964000e1,-1.259239e2,-3.181076e2
6.968000e1,-1.289268e2,-3.174440e2
6.972000e1,-1.319896e2,-3.151233e2
6.976000e1,-1.345986e2,-3.136232e2
6.980000e1,-1.369474e2,-3.123678e2
6.984000e1,-1.407775e2,-3.108419e2
6.988000e1,-1.430833e2,-3.093187e2
6.992000e1,-1.461758e2,-3.072597e2
6.996000e1,-1.495595e2,-3.060652e2
7.000000e1,-1.525191e2,-3.041696e2
7.004000e1,-1.536572e2,-3.026909e2
7.008000e1,-1.563502e2,-3.009265e2
7.012000e1,-1.596331e2,-2.994307e2
7.016000e1,-1.621766e2,-2.973183e2
7.020000e1,-1.649978e2,-2.953229e2
7.024000e1,-1.676118e2,-2.933016e2
7.028000e1,-1.698120e2,-2.912042e2
7.032000e1,-1.723500e2,-2.892285e2
7.036000e1,-1.752164e2,-2.879304e2
7.040000e1,-1.774027e2,-2.863261e2
7.044000e1,-1.798264e2,-2.840681e2
7.048000e1,-1.820278e2,-2.821994e2
7.052000e1,-1.842298e2,-2.808466e2
7.056000e1,-1.863126e2,-2.789185e2
7.060000e1,-1.885186e2,-2.772923e2
7.064000e1,-1.909901e2,-2.750924e2
7.068000e1,-1.928906e2,-2.735271e2
7.072000e1,-1.951980e2,-2.721616e2
7.076000e1,-1.972859e2,-2.703868e2
7.080000e1,-1.999416e2,-2.683890e2
7.084000e1,-2.013202e2,-2.666920e2
7.088000e1,-2.038702e2,-2.654916e2
7.092000e1,-2.061664e2,-2.636694e2
7.096000e1,-2.083536e2,-2.623483e2
7.100000e1,-2.095597e2,-2.606316e2
7.104000e1,-2.122198e2,-2.589483e2
7.108000e1,-2.126860e2,-2.581289e2
7.112000e1,-2.154779e2,-2.557614e2
7.116000e1,-2.174754e2,-2.546190e2
7.120000e1,-2.186555e2,-2.531046e2
7.124000e1,-2.199598e2,-2.509935e2
7.128000e1,-2.229587e2,-2.498543e2
7.132000e1,-2.246976e2,-2.481304e2
7.136000e1,-2.257633e2,-2.466189e2
7.140000e1,-2.268576e2,-2.452165e2
7.144000e1,-2.293457e2,-2.430092e2
7.148000e1,-2.306497e2,-2.421228e2
7.152000e1,-2.320675e2,-2.399361e2
7.156000e1,-2.335254e2,-2.378805e2
7.160000e1,-2.351734e2,-2.362254e2
7.164000e1,-2.364440e2,-2.344050e2
7.168000e1,-2.380917e2,-2.321550e2
7.172000e1,-2.395753e2,-2.303947e2
7.176000e1,-2.406475e2,-2.280008e2
7.180000e1,-2.417479e2,-2.264113e2
7.184000e1,-2.433482e2,-2.244943e2
7.188000e1,-2.446690e2,-2.223984e2
7.192000e1,-2.452054e2,-2.202918e2
7.196000e1,-2.467984e2,-2.192534e2
7.200000e1,-2.481867e2,-2.174221e2
7.204000e1,-2.494872e2,-2.152353e2
7.208000e1,-2.506367e2,-2.133810e2
7.212000e1,-2.521168e2,-2.118191e2
7.216000e1,-2.533493e2,-2.109803e2
7.220000e1,-2.542318e2,-2.087062e2
7.224000e1,-2.557135e2,-2.076269e2
7.228000e1,-2.570931e2,-2.057918e2
7.232000e1,-2.575462e2,-2.040794e2
7.236000e1,-2.585965e2,-2.024401e2
7.240000e1,-2.593135e2,-2.015450e2
7.244000e1,-2.603189e2,-2.003389e2
7.248000e1,-2.612528e2,-1.980342e2
7.252000e1,-2.624327e2,-1.969288e2
7.256000e1,-2.634253e2,-1.954234e2
7.260000e1,-2.640808e2,-1.936894e2
7.264000e1,-2.647940e2,-1.932283e2
7.268000e1,-2.659933e2,-1.912192e2
7.272000e1,-2.668122e2,-1.904726e2
7.276000e1,-2.679175e2,-1.880221e2
7.280000e1,-2.688056e2,-1.874918e2
7.284000e1,-2.690092e2,-1.855568e2
7.288000e1,-2.710839e2,-1.842654e2
7.292000e1,-2.721302e2,-1.831111e2
7.296000e1,-2.726475e2,-1.823313e2
7.300000e1,-2.745583e2,-1.803443e2
7.304000e1,-2.749782e2,-1.791382e2
7.308000e1,-2.764975e2,-1.775238e2
7.312000e1,-2.772464e2,-1.766426e2
7.316000e1,-2.783501e2,-1.750799e2
7.320000e1,-2.791213e2,-1.731727e2
7.324000e1,-2.800387e2,-1.722821e2
7.328000e1,-2.809392e2,-1.710950e2
7.332000e1,-2.822896e2,-1.686907e2
7.336000e1,-2.821839e2,-1.682135e2
7.340000e1,-2.836019e2,-1.666211e2
7.344000e1,-2.844322e2,-1.654012e2
7.348000e1,-2.844906e2,-1.645390e2
7.352000e1,-2.850870e2,-1.626322e2
7.356000e1,-2.862526e2,-1.609113e2
7.360000e1,-2.870595e2,-1.601439e2
7.364000e1,-2.877702e2,-1.581326e2
7.368000e1,-2.879065e2,-1.569012e2
7.372000e1,-2.891979e2,-1.554937e2
7.376000e1,-2.896545e2,-1.526228e2
7.380000e1,-2.895390e2,-1.502066e2
7.384000e1,-2.907377e2,-1.503315e2
7.388000e1,-2.913369e2,-1.482768e2
7.392000e1,-2.918600e2,-1.470523e2
7.396000e1,-2.925948e2,-1.453538e2
7.400000e1,-2.928272e2,-1.434115e2
7.404000e1,-2.935131e2,-1.414895e2
7.408000e1,-2.946564e2,-1.395712e2
7.412000e1,-2.947196e2,-1.393077e2
7.416000e1,-2.950669e2,-1.374437e2
7.420000e1,-2.955860e2,-1.357835e2
7.424000e1,-2.963907e2,-1.342583e2
7.428000e1,-2.956432e2,-1.320839e2
7.432000e1,-2.971976e2,-1.303123e2
7.436000e1,-2.974054e2,-1.289578e2
7.440000e1,-2.975697e2,-1.270612e2
7.444000e1,-2.981873e2,-1.244688e2
7.448000e1,-2.987975e2,-1.236604e2
7.452000e1,-2.996661e2,-1.219880e2
7.456000e1,-3.004837e2,-1.196869e2
7.460000e1,-2.996234e2,-1.180983e2
7.464000e1,-3.016122e2,-1.162839e2
7.468000e1,-3.021498e2,-1.138883e2
7.472000e1,-3.031333e2,-1.119589e2
7.476000e1,-3.032639e2,-1.104684e2
7.480000e1,-3.038115e2,-1.084497e2
7.484000e1,-3.048715e2,-1.056326e2
7.488000e1,-3.056856e2,-1.034164e2
7.492000e1,-3.062041e2,-1.022098e2
7.496000e1,-3.067652e2,-9.933016e1
7.500000e1,-3.073559e2,-9.681219e1
7.504000e1,-3.076389e2,-9.456022e1
7.508000e1,-3.076984e2,-9.334500e1
7.512000e1,-3.095157e2,-9.033838e1
7.516000e1,-3.097217e2,-8.821988e1
7.520000e1,-3.094844e2,-8.697462e1
7.524000e1,-3.106490e2,-8.499253e1
7.528000e1,-3.110546e2,-8.285019e1
7.532000e1,-3.123949e2,-8.029457e1
7.536000e1,-3.129231e2,-7.847946e1
7.540000e1,-3.136174e2,-7.609906e1
7.544000e1,-3.144124e2,-7.379105e1
7.548000e1,-3.153469e2,-7.098593e1
7.552000e1,-3.157734e2,-6.888407e1
7.556000e1,-3.160092e2,-6.637420e1
7.560000e1,-3.170103e2,-6.493934e1
7.564000e1,-3.179777e2,-6.168777e1
7.568000e1,-3.187629e2,-5.933917e1
7.572000e1,-3.187472e2,-5.658816e1
7.576000e1,-3.197054e2,-5.388023e1
7.580000e1,-3.196379e2,-5.131874e1
7.584000e1,-3.202917e2,-4.904418e1
7.588000e1,-3.204942e2,-4.658035e1
7.592000e1,-3.206369e2,-4.358386e1
7.596000e1,-3.207140e2,-4.085156e1
7.600000e1,-3.212755e2,-3.872939e1
7.604000e1,-3.217837e2,-3.608808e1
7.608000e1,-3.222882e2,-3.280484e1
7.612000e1,-3.226121e2,-2.946201e1
7.616000e1,-3.229375e2,-2.674767e1
7.620000e1,-3.237288e2,-2.450739e1
7.624000e1,-3.238159e2,-2.106198e1
7.628000e1,-3.242012e2,-1.764909e1
7.632000e1,-3.246726e2,-1.521378e1
7.636000e1,-3.247578e2,-1.261599e1
7.640000e1,-3.248810e2,-9.200963e0
7.644000e1,-3.255229e2,-6.405015e0
7.648000e1,-3.251438e2,-2.974212e0
7.652000e1,-3.255756e2,3.340968e-1
7.656000e1,-3.261554e2,2.883365e0
7.660000e1,-3.258655e2,6.321687e0
7.664000e1,-3.261586e2,9.099961e0
7.668000e1,-3.264945e2,1.285343e1
7.672000e1,-3.262099e2,1.567983e1
7.676000e1,-3.263481e2,1.928429e1
7.680000e1,-3.263173e2,2.298918e1
7.684000e1,-3.262474e2,2.555253e1
7.688000e1,-3.263173e2,2.941269e1
7.692000e1,-3.261888e2,3.207549e1
7.696000e1,-3.257745e2,3.608560e1
7.700000e1,-3.257555e2,3.935059e1
7.704000e1,-3.254321e2,4.240624e1
7.708000e1,-3.250464e2,4.626898e1
7.712000e1,-3.247836e2,4.960234e1
7.716000e1,-3.242263e2,5.274543e1
7.720000e1,-3.242873e2,5.671309e1
7.724000e1,-3.237438e2,6.035369e1
7.728000e1,-3.228894e2,6.387145e1
7.732000e1,-3.226327e2,6.766424e1
7.736000e1,-3.220199e2,7.115028e1
7.740000e1,-3.217932e2,7.504022e1
7.744000e1,-3.216744e2,7.791785e1
7.748000e1,-3.205468e2,8.208217e1
7.752000e1,-3.200975e2,8.602517e1
7.756000e1,-3.196405e2,8.988787e1
7.760000e1,-3.192366e2,9.373860e1
7.764000e1,-3.183502e2,9.696023e1
7.768000e1,-3.173042e2,1.006430e2
7.772000e1,-3.163457e2,1.049318e2
7.776000e1,-3.158896e2,1.084028e2
7.780000e1,-3.147735e2,1.120799e2
7.784000e1,-3.140712e2,1.152324e2
7.788000e1,-3.128038e2,1.194205e2
7.792000e1,-3.119629e2,1.223193e2
7.796000e1,-3.103479e2,1.256868e2
7.800000e1,-3.094875e2,1.299445e2
7.804000e1,-3.078773e2,1.337341e2
7.808000e1,-3.066211e2,1.364936e2
7.812000e1,-3.053030e2,1.400959e2
7.816000e1,-3.042109e2,1.441278e2
7.820000e1,-3.026272e2,1.474214e2
7.824000e1,-3.014550e2,1.509182e2
7.828000e1,-3.002511e2,1.545590e2
7.832000e1,-2.988721e2,1.582322e2
7.836000e1,-2.974885e2,1.609118e2
7.840000e1,-2.962557e2,1.658568e2
7.844000e1,-2.948000e2,1.691644e2
7.848000e1,-2.927255e2,1.722634e2
7.852000e1,-2.906856e2,1.756285e2
7.856000e1,-2.887214e2,1.790160e2
7.860000e1,-2.873554e2,1.829714e2
7.864000e1,-2.848341e2,1.857007e2
7.868000e1,-2.833506e2,1.893887e2
7.872000e1,-2.816736e2,1.926051e2
7.876000e1,-2.803051e2,1.958948e2
7.880000e1,-2.776729e2,1.983402e2
7.884000e1,-2.755050e2,2.018313e2
7.888000e1,-2.734954e2,2.037248e2
7.892000e1,-2.715249e2,2.073242e2
7.896000e1,-2.695326e2,2.104931e2
7.900000e1,-2.676281e2,2.140537e2
7.904000e1,-2.655621e2,2.167360e2
7.908000e1,-2.633614e2,2.195428e2
7.912000e1,-2.613048e2,2.229007e2
7.916000e1,-2.589862e2,2.256441e2
7.920000e1,-2.571548e2,2.297224e2
7.924000e1,-2.546707e2,2.317496e2
7.928000e1,-2.524995e2,2.349232e2
7.932000e1,-2.501166e2,2.380066e2
7.936000e1,-2.481944e2,2.403521e2
7.940000e1,-2.456988e2,2.430658e2
7.944000e1,-2.432565e2,2.458982e2
7.948000e1,-2.404162e2,2.479298e2
7.952000e1,-2.386554e2,2.508953e2
7.956000e1,-2.358043e2,2.535880e2
7.960000e1,-2.334370e2,2.559837e2
7.964000e1,-2.307282e2,2.589237e2
7.968000e1,-2.284087e2,2.607754e2
7.972000e1,-2.257692e2,2.637479e2
7.976000e1,-2.235658e2,2.669049e2
7.980000e1,-2.211290e2,2.687856e2
7.984000e1,-2.193516e2,2.728753e2
7.988000e1,-2.165950e2,2.752428e2
7.992000e1,-2.137096e2,2.762196e2
7.996000e1,-2.113182e2,2.800973e2
8.000000e1,-2.086284e2,2.802088e2
8.004000e1,-2.060528e2,2.837404e2
8.008000e1,-2.032627e2,2.863117e2
8.012000e1,-2.006234e2,2.884457e2
8.016000e1,-1.985583e2,2.919219e2
8.020000e1,-1.950485e2,2.924308e2
8.024000e1,-1.925141e2,2.934255e2
8.028000e1,-1.904194e2,2.953777e2
8.032000e1,-1.884478e2,3.010727e2
8.036000e1,-1.855854e2,3.006911e2
8.040000e1,-1.836474e2,3.050210e2
8.044000e1,-1.805267e2,3.049224e2
8.048000e1,-1.781107e2,3.080818e2
8.052000e1,-1.757371e2,3.095580e2
8.056000e1,-1.726772e2,3.099559e2
8.060000e1,-1.702268e2,3.124259e2
8.064000e1,-1.684668e2,3.151018e2
8.068000e1,-1.667151e2,3.176956e2
8.072000e1,-1.645759e2,3.200255e2
8.076000e1,-1.622381e2,3.221655e2
8.080000e1,-1.592702e2,3.231074e2
8.084000e1,-1.572920e2,3.249330e2
8.088000e1,-1.551118e2,3.272592e2
8.092000e1,-1.515668e2,3.260052e2
8.096000e1,-1.496561e2,3.285205e2
8.100000e1,-1.464626e2,3.292280e2
8.104000e1,-1.443401e2,3.318237e2
8.108000e1,-1.406955e2,3.307655e2
8.112000e1,-1.393006e2,3.359988e2
8.116000e1,-1.365174e2,3.356193e2
8.120000e1,-1.334982e2,3.369690e2
8.124000e1,-1.306708e2,3.376028e2
8.128000e1,-1.282497e2,3.401578e2
8.132000e1,-1.264801e2,3.416416e2
8.136000e1,-1.241720e2,3.432330e2
8.140000e1,-1.215782e2,3.429791e2
8.144000e1,-1.193680e2,3.449518e2
8.148000e1,-1.175536e2,3.475244e2
8.152000e1,-1.151051e2,3.484132e2
8.156000e1,-1.125692e2,3.480506e2
8.160000e1,-1.105433e2,3.494690e2
8.164000e1,-1.085609e2,3.508319e2
8.168000e1,-1.085115e2,3.509191e2
8.172000e1,-1.084794e2,3.509343e2
8.176000e1,-1.084616e2,3.509362e2
8.180000e1,-1.084503e2,3.509385e2
8.184000e1,-1.084429e2,3.509404e2
8.188000e1,-1.084383e2,3.509411e2
8.192000e1,-1.084362e2,3.509405e2
8.196000e1,-1.084364e2,3.509395e2
8.200000e1,-1.084361e2,3.509396e2
